2020/05/30-17:01:51.603801 10ba8a000 RocksDB version: 6.4.6
2020/05/30-17:01:51.603871 10ba8a000 Git sha rocksdb_build_git_sha:e3169e3ea8762d2f34880742106858a23c8dc8b7
2020/05/30-17:01:51.603875 10ba8a000 Compile date Nov 24 2019
2020/05/30-17:01:51.603879 10ba8a000 DB SUMMARY
2020/05/30-17:01:51.604105 10ba8a000 CURRENT file:  CURRENT
2020/05/30-17:01:51.604108 10ba8a000 IDENTITY file:  IDENTITY
2020/05/30-17:01:51.604115 10ba8a000 MANIFEST file:  MANIFEST-000322 size: 1036 Bytes
2020/05/30-17:01:51.604117 10ba8a000 SST files in /Users/Happpyyyyyyy/PIR/IBFT-Network/Node-3/data/database dir, Total Num: 6, files: 000290.sst 000303.sst 000306.sst 000307.sst 000323.sst 000324.sst 
2020/05/30-17:01:51.604121 10ba8a000 Write Ahead Log file in /Users/Happpyyyyyyy/PIR/IBFT-Network/Node-3/data/database: 000003.log size: 39419 ; 000031.log size: 140963 ; 000048.log size: 647098 ; 000065.log size: 17014 ; 000082.log size: 82504 ; 000101.log size: 37283 ; 000118.log size: 102063 ; 000135.log size: 613810 ; 000152.log size: 113451 ; 000171.log size: 616 ; 000187.log size: 616 ; 000203.log size: 616 ; 000219.log size: 4282 ; 000237.log size: 11614 ; 000254.log size: 616 ; 000270.log size: 63742 ; 000287.log size: 420590 ; 000308.log size: 324422 ; 000325.log size: 50861 ; 
2020/05/30-17:01:51.604125 10ba8a000                         Options.error_if_exists: 0
2020/05/30-17:01:51.604129 10ba8a000                       Options.create_if_missing: 1
2020/05/30-17:01:51.604131 10ba8a000                         Options.paranoid_checks: 1
2020/05/30-17:01:51.604132 10ba8a000                                     Options.env: 0x12d5210d0
2020/05/30-17:01:51.604133 10ba8a000                                Options.info_log: 0x7f8207cc6370
2020/05/30-17:01:51.604134 10ba8a000                Options.max_file_opening_threads: 16
2020/05/30-17:01:51.604135 10ba8a000                              Options.statistics: 0x7f8207bde530
2020/05/30-17:01:51.604136 10ba8a000                               Options.use_fsync: 0
2020/05/30-17:01:51.604140 10ba8a000                       Options.max_log_file_size: 0
2020/05/30-17:01:51.604141 10ba8a000                  Options.max_manifest_file_size: 1073741824
2020/05/30-17:01:51.604142 10ba8a000                   Options.log_file_time_to_roll: 0
2020/05/30-17:01:51.604143 10ba8a000                       Options.keep_log_file_num: 1000
2020/05/30-17:01:51.604144 10ba8a000                    Options.recycle_log_file_num: 0
2020/05/30-17:01:51.604145 10ba8a000                         Options.allow_fallocate: 1
2020/05/30-17:01:51.604146 10ba8a000                        Options.allow_mmap_reads: 0
2020/05/30-17:01:51.604147 10ba8a000                       Options.allow_mmap_writes: 0
2020/05/30-17:01:51.604148 10ba8a000                        Options.use_direct_reads: 0
2020/05/30-17:01:51.604149 10ba8a000                        Options.use_direct_io_for_flush_and_compaction: 0
2020/05/30-17:01:51.604151 10ba8a000          Options.create_missing_column_families: 1
2020/05/30-17:01:51.604152 10ba8a000                              Options.db_log_dir: 
2020/05/30-17:01:51.604153 10ba8a000                                 Options.wal_dir: /Users/Happpyyyyyyy/PIR/IBFT-Network/Node-3/data/database
2020/05/30-17:01:51.604154 10ba8a000                Options.table_cache_numshardbits: 6
2020/05/30-17:01:51.604155 10ba8a000                      Options.max_subcompactions: 1
2020/05/30-17:01:51.604156 10ba8a000                  Options.max_background_flushes: -1
2020/05/30-17:01:51.604157 10ba8a000                         Options.WAL_ttl_seconds: 0
2020/05/30-17:01:51.604158 10ba8a000                       Options.WAL_size_limit_MB: 0
2020/05/30-17:01:51.604159 10ba8a000             Options.manifest_preallocation_size: 4194304
2020/05/30-17:01:51.604160 10ba8a000                     Options.is_fd_close_on_exec: 1
2020/05/30-17:01:51.604161 10ba8a000                   Options.advise_random_on_open: 1
2020/05/30-17:01:51.604168 10ba8a000                    Options.db_write_buffer_size: 0
2020/05/30-17:01:51.604169 10ba8a000                    Options.write_buffer_manager: 0x7f8207cc6310
2020/05/30-17:01:51.604170 10ba8a000         Options.access_hint_on_compaction_start: 1
2020/05/30-17:01:51.604172 10ba8a000  Options.new_table_reader_for_compaction_inputs: 0
2020/05/30-17:01:51.604174 10ba8a000           Options.random_access_max_buffer_size: 1048576
2020/05/30-17:01:51.604176 10ba8a000                      Options.use_adaptive_mutex: 0
2020/05/30-17:01:51.604177 10ba8a000                            Options.rate_limiter: 0x0
2020/05/30-17:01:51.604180 10ba8a000     Options.sst_file_manager.rate_bytes_per_sec: 0
2020/05/30-17:01:51.604181 10ba8a000                       Options.wal_recovery_mode: 2
2020/05/30-17:01:51.604183 10ba8a000                  Options.enable_thread_tracking: 0
2020/05/30-17:01:51.604185 10ba8a000                  Options.enable_pipelined_write: 0
2020/05/30-17:01:51.604187 10ba8a000                  Options.unordered_write: 0
2020/05/30-17:01:51.604188 10ba8a000         Options.allow_concurrent_memtable_write: 1
2020/05/30-17:01:51.604190 10ba8a000      Options.enable_write_thread_adaptive_yield: 1
2020/05/30-17:01:51.604192 10ba8a000             Options.write_thread_max_yield_usec: 100
2020/05/30-17:01:51.604193 10ba8a000            Options.write_thread_slow_yield_usec: 3
2020/05/30-17:01:51.604195 10ba8a000                               Options.row_cache: None
2020/05/30-17:01:51.604197 10ba8a000                              Options.wal_filter: None
2020/05/30-17:01:51.604199 10ba8a000             Options.avoid_flush_during_recovery: 0
2020/05/30-17:01:51.604201 10ba8a000             Options.allow_ingest_behind: 0
2020/05/30-17:01:51.604202 10ba8a000             Options.preserve_deletes: 0
2020/05/30-17:01:51.604204 10ba8a000             Options.two_write_queues: 0
2020/05/30-17:01:51.604206 10ba8a000             Options.manual_wal_flush: 0
2020/05/30-17:01:51.604207 10ba8a000             Options.atomic_flush: 0
2020/05/30-17:01:51.604208 10ba8a000             Options.avoid_unnecessary_blocking_io: 0
2020/05/30-17:01:51.604209 10ba8a000                 Options.persist_stats_to_disk: 0
2020/05/30-17:01:51.604210 10ba8a000                 Options.log_readahead_size: 0
2020/05/30-17:01:51.604211 10ba8a000             Options.max_background_jobs: 2
2020/05/30-17:01:51.604212 10ba8a000             Options.max_background_compactions: 4
2020/05/30-17:01:51.604213 10ba8a000             Options.avoid_flush_during_shutdown: 0
2020/05/30-17:01:51.604215 10ba8a000           Options.writable_file_max_buffer_size: 1048576
2020/05/30-17:01:51.604216 10ba8a000             Options.delayed_write_rate : 16777216
2020/05/30-17:01:51.604217 10ba8a000             Options.max_total_wal_size: 0
2020/05/30-17:01:51.604218 10ba8a000             Options.delete_obsolete_files_period_micros: 21600000000
2020/05/30-17:01:51.604219 10ba8a000                   Options.stats_dump_period_sec: 600
2020/05/30-17:01:51.604220 10ba8a000                 Options.stats_persist_period_sec: 600
2020/05/30-17:01:51.604221 10ba8a000                 Options.stats_history_buffer_size: 1048576
2020/05/30-17:01:51.604222 10ba8a000                          Options.max_open_files: 1024
2020/05/30-17:01:51.604223 10ba8a000                          Options.bytes_per_sync: 0
2020/05/30-17:01:51.604224 10ba8a000                      Options.wal_bytes_per_sync: 0
2020/05/30-17:01:51.604225 10ba8a000                   Options.strict_bytes_per_sync: 0
2020/05/30-17:01:51.604226 10ba8a000       Options.compaction_readahead_size: 0
2020/05/30-17:01:51.604227 10ba8a000 Compression algorithms supported:
2020/05/30-17:01:51.604232 10ba8a000 	kZSTD supported: 1
2020/05/30-17:01:51.604234 10ba8a000 	kZlibCompression supported: 1
2020/05/30-17:01:51.604235 10ba8a000 	kXpressCompression supported: 0
2020/05/30-17:01:51.604236 10ba8a000 	kSnappyCompression supported: 1
2020/05/30-17:01:51.604237 10ba8a000 	kZSTDNotFinalCompression supported: 1
2020/05/30-17:01:51.604238 10ba8a000 	kLZ4HCCompression supported: 1
2020/05/30-17:01:51.604239 10ba8a000 	kLZ4Compression supported: 1
2020/05/30-17:01:51.604240 10ba8a000 	kBZip2Compression supported: 1
2020/05/30-17:01:51.604245 10ba8a000 Fast CRC32 supported: Not supported on x86
2020/05/30-17:01:51.604686 10ba8a000 [rsion_set.cc:4252] Recovering from manifest file: /Users/Happpyyyyyyy/PIR/IBFT-Network/Node-3/data/database/MANIFEST-000322
2020/05/30-17:01:51.604764 10ba8a000 [lumn_family.cc:481] --------------- Options for column family [default]:
2020/05/30-17:01:51.604767 10ba8a000               Options.comparator: leveldb.BytewiseComparator
2020/05/30-17:01:51.604768 10ba8a000           Options.merge_operator: None
2020/05/30-17:01:51.604770 10ba8a000        Options.compaction_filter: None
2020/05/30-17:01:51.604771 10ba8a000        Options.compaction_filter_factory: None
2020/05/30-17:01:51.604772 10ba8a000         Options.memtable_factory: SkipListFactory
2020/05/30-17:01:51.604773 10ba8a000            Options.table_factory: BlockBasedTable
2020/05/30-17:01:51.604796 10ba8a000            table_factory options:   flush_block_policy_factory: FlushBlockBySizePolicyFactory (0x7f8207a899c0)
  cache_index_and_filter_blocks: 0
  cache_index_and_filter_blocks_with_high_priority: 0
  pin_l0_filter_and_index_blocks_in_cache: 0
  pin_top_level_index_and_filter: 1
  index_type: 0
  data_block_index_type: 0
  index_shortening: 1
  data_block_hash_table_util_ratio: 0.750000
  hash_index_allow_collision: 1
  checksum: 1
  no_block_cache: 0
  block_cache: 0x7f8207a8a0d8
  block_cache_name: LRUCache
  block_cache_options:
    capacity : 8388608
    num_shard_bits : 4
    strict_capacity_limit : 0
    memory_allocator : None
    high_pri_pool_ratio: 0.000
  block_cache_compressed: 0x0
  persistent_cache: 0x0
  block_size: 4096
  block_size_deviation: 10
  block_restart_interval: 16
  index_block_restart_interval: 1
  metadata_block_size: 4096
  partition_filters: 0
  use_delta_encoding: 1
  filter_policy: nullptr
  whole_key_filtering: 1
  verify_compression: 1
  read_amp_bytes_per_bit: 0
  format_version: 2
  enable_index_compression: 1
  block_align: 0
2020/05/30-17:01:51.604797 10ba8a000        Options.write_buffer_size: 67108864
2020/05/30-17:01:51.604798 10ba8a000  Options.max_write_buffer_number: 2
2020/05/30-17:01:51.604799 10ba8a000          Options.compression: Snappy
2020/05/30-17:01:51.604801 10ba8a000                  Options.bottommost_compression: Disabled
2020/05/30-17:01:51.604802 10ba8a000       Options.prefix_extractor: nullptr
2020/05/30-17:01:51.604803 10ba8a000   Options.memtable_insert_with_hint_prefix_extractor: nullptr
2020/05/30-17:01:51.604804 10ba8a000             Options.num_levels: 7
2020/05/30-17:01:51.604805 10ba8a000        Options.min_write_buffer_number_to_merge: 1
2020/05/30-17:01:51.604806 10ba8a000     Options.max_write_buffer_number_to_maintain: 2
2020/05/30-17:01:51.604807 10ba8a000            Options.bottommost_compression_opts.window_bits: -14
2020/05/30-17:01:51.604808 10ba8a000                  Options.bottommost_compression_opts.level: 32767
2020/05/30-17:01:51.604812 10ba8a000               Options.bottommost_compression_opts.strategy: 0
2020/05/30-17:01:51.604813 10ba8a000         Options.bottommost_compression_opts.max_dict_bytes: 0
2020/05/30-17:01:51.604815 10ba8a000         Options.bottommost_compression_opts.zstd_max_train_bytes: 0
2020/05/30-17:01:51.604816 10ba8a000                  Options.bottommost_compression_opts.enabled: false
2020/05/30-17:01:51.604817 10ba8a000            Options.compression_opts.window_bits: -14
2020/05/30-17:01:51.604818 10ba8a000                  Options.compression_opts.level: 32767
2020/05/30-17:01:51.604819 10ba8a000               Options.compression_opts.strategy: 0
2020/05/30-17:01:51.604820 10ba8a000         Options.compression_opts.max_dict_bytes: 0
2020/05/30-17:01:51.604821 10ba8a000         Options.compression_opts.zstd_max_train_bytes: 0
2020/05/30-17:01:51.604822 10ba8a000                  Options.compression_opts.enabled: false
2020/05/30-17:01:51.604824 10ba8a000      Options.level0_file_num_compaction_trigger: 4
2020/05/30-17:01:51.604825 10ba8a000          Options.level0_slowdown_writes_trigger: 20
2020/05/30-17:01:51.604826 10ba8a000              Options.level0_stop_writes_trigger: 36
2020/05/30-17:01:51.604827 10ba8a000                   Options.target_file_size_base: 67108864
2020/05/30-17:01:51.604828 10ba8a000             Options.target_file_size_multiplier: 1
2020/05/30-17:01:51.604829 10ba8a000                Options.max_bytes_for_level_base: 268435456
2020/05/30-17:01:51.604830 10ba8a000                      Options.snap_refresh_nanos: 0
2020/05/30-17:01:51.604831 10ba8a000 Options.level_compaction_dynamic_level_bytes: 0
2020/05/30-17:01:51.604832 10ba8a000          Options.max_bytes_for_level_multiplier: 10.000000
2020/05/30-17:01:51.604833 10ba8a000 Options.max_bytes_for_level_multiplier_addtl[0]: 1
2020/05/30-17:01:51.604835 10ba8a000 Options.max_bytes_for_level_multiplier_addtl[1]: 1
2020/05/30-17:01:51.604836 10ba8a000 Options.max_bytes_for_level_multiplier_addtl[2]: 1
2020/05/30-17:01:51.604837 10ba8a000 Options.max_bytes_for_level_multiplier_addtl[3]: 1
2020/05/30-17:01:51.604838 10ba8a000 Options.max_bytes_for_level_multiplier_addtl[4]: 1
2020/05/30-17:01:51.604839 10ba8a000 Options.max_bytes_for_level_multiplier_addtl[5]: 1
2020/05/30-17:01:51.604840 10ba8a000 Options.max_bytes_for_level_multiplier_addtl[6]: 1
2020/05/30-17:01:51.604841 10ba8a000       Options.max_sequential_skip_in_iterations: 8
2020/05/30-17:01:51.604842 10ba8a000                    Options.max_compaction_bytes: 1677721600
2020/05/30-17:01:51.604843 10ba8a000                        Options.arena_block_size: 8388608
2020/05/30-17:01:51.604844 10ba8a000   Options.soft_pending_compaction_bytes_limit: 68719476736
2020/05/30-17:01:51.604845 10ba8a000   Options.hard_pending_compaction_bytes_limit: 274877906944
2020/05/30-17:01:51.604846 10ba8a000       Options.rate_limit_delay_max_milliseconds: 100
2020/05/30-17:01:51.604847 10ba8a000                Options.disable_auto_compactions: 1
2020/05/30-17:01:51.604849 10ba8a000                        Options.compaction_style: kCompactionStyleLevel
2020/05/30-17:01:51.604850 10ba8a000                          Options.compaction_pri: kMinOverlappingRatio
2020/05/30-17:01:51.604851 10ba8a000 Options.compaction_options_universal.size_ratio: 1
2020/05/30-17:01:51.604852 10ba8a000 Options.compaction_options_universal.min_merge_width: 2
2020/05/30-17:01:51.604853 10ba8a000 Options.compaction_options_universal.max_merge_width: 4294967295
2020/05/30-17:01:51.604855 10ba8a000 Options.compaction_options_universal.max_size_amplification_percent: 200
2020/05/30-17:01:51.604856 10ba8a000 Options.compaction_options_universal.compression_size_percent: -1
2020/05/30-17:01:51.604857 10ba8a000 Options.compaction_options_universal.stop_style: kCompactionStopStyleTotalSize
2020/05/30-17:01:51.604858 10ba8a000 Options.compaction_options_fifo.max_table_files_size: 1073741824
2020/05/30-17:01:51.604859 10ba8a000 Options.compaction_options_fifo.allow_compaction: 0
2020/05/30-17:01:51.604860 10ba8a000                   Options.table_properties_collectors: 
2020/05/30-17:01:51.604861 10ba8a000                   Options.inplace_update_support: 0
2020/05/30-17:01:51.604862 10ba8a000                 Options.inplace_update_num_locks: 10000
2020/05/30-17:01:51.604866 10ba8a000               Options.memtable_prefix_bloom_size_ratio: 0.000000
2020/05/30-17:01:51.604868 10ba8a000               Options.memtable_whole_key_filtering: 0
2020/05/30-17:01:51.604869 10ba8a000   Options.memtable_huge_page_size: 0
2020/05/30-17:01:51.604870 10ba8a000                           Options.bloom_locality: 0
2020/05/30-17:01:51.604871 10ba8a000                    Options.max_successive_merges: 0
2020/05/30-17:01:51.604872 10ba8a000                Options.optimize_filters_for_hits: 0
2020/05/30-17:01:51.604873 10ba8a000                Options.paranoid_file_checks: 0
2020/05/30-17:01:51.604874 10ba8a000                Options.force_consistency_checks: 0
2020/05/30-17:01:51.604875 10ba8a000                Options.report_bg_io_stats: 0
2020/05/30-17:01:51.604876 10ba8a000                               Options.ttl: 0
2020/05/30-17:01:51.604877 10ba8a000          Options.periodic_compaction_seconds: 0
2020/05/30-17:01:51.605155 10ba8a000 [lumn_family.cc:481] --------------- Options for column family []:
2020/05/30-17:01:51.605160 10ba8a000               Options.comparator: leveldb.BytewiseComparator
2020/05/30-17:01:51.605162 10ba8a000           Options.merge_operator: None
2020/05/30-17:01:51.605163 10ba8a000        Options.compaction_filter: None
2020/05/30-17:01:51.605164 10ba8a000        Options.compaction_filter_factory: None
2020/05/30-17:01:51.605165 10ba8a000         Options.memtable_factory: SkipListFactory
2020/05/30-17:01:51.605167 10ba8a000            Options.table_factory: BlockBasedTable
2020/05/30-17:01:51.605182 10ba8a000            table_factory options:   flush_block_policy_factory: FlushBlockBySizePolicyFactory (0x7f8207cc0c40)
  cache_index_and_filter_blocks: 0
  cache_index_and_filter_blocks_with_high_priority: 1
  pin_l0_filter_and_index_blocks_in_cache: 0
  pin_top_level_index_and_filter: 1
  index_type: 0
  data_block_index_type: 0
  index_shortening: 1
  data_block_hash_table_util_ratio: 0.750000
  hash_index_allow_collision: 1
  checksum: 1
  no_block_cache: 0
  block_cache: 0x7f8207cc0c88
  block_cache_name: LRUCache
  block_cache_options:
    capacity : 8388608
    num_shard_bits : 4
    strict_capacity_limit : 0
    memory_allocator : None
    high_pri_pool_ratio: 0.000
  block_cache_compressed: 0x0
  persistent_cache: 0x0
  block_size: 4096
  block_size_deviation: 10
  block_restart_interval: 16
  index_block_restart_interval: 1
  metadata_block_size: 4096
  partition_filters: 0
  use_delta_encoding: 1
  filter_policy: nullptr
  whole_key_filtering: 1
  verify_compression: 0
  read_amp_bytes_per_bit: 0
  format_version: 2
  enable_index_compression: 1
  block_align: 0
2020/05/30-17:01:51.605184 10ba8a000        Options.write_buffer_size: 67108864
2020/05/30-17:01:51.605185 10ba8a000  Options.max_write_buffer_number: 2
2020/05/30-17:01:51.605186 10ba8a000          Options.compression: Snappy
2020/05/30-17:01:51.605187 10ba8a000                  Options.bottommost_compression: Disabled
2020/05/30-17:01:51.605188 10ba8a000       Options.prefix_extractor: nullptr
2020/05/30-17:01:51.605189 10ba8a000   Options.memtable_insert_with_hint_prefix_extractor: nullptr
2020/05/30-17:01:51.605190 10ba8a000             Options.num_levels: 7
2020/05/30-17:01:51.605192 10ba8a000        Options.min_write_buffer_number_to_merge: 1
2020/05/30-17:01:51.605193 10ba8a000     Options.max_write_buffer_number_to_maintain: 2
2020/05/30-17:01:51.605194 10ba8a000            Options.bottommost_compression_opts.window_bits: -14
2020/05/30-17:01:51.605195 10ba8a000                  Options.bottommost_compression_opts.level: 32767
2020/05/30-17:01:51.605196 10ba8a000               Options.bottommost_compression_opts.strategy: 0
2020/05/30-17:01:51.605197 10ba8a000         Options.bottommost_compression_opts.max_dict_bytes: 0
2020/05/30-17:01:51.605198 10ba8a000         Options.bottommost_compression_opts.zstd_max_train_bytes: 0
2020/05/30-17:01:51.605199 10ba8a000                  Options.bottommost_compression_opts.enabled: false
2020/05/30-17:01:51.605200 10ba8a000            Options.compression_opts.window_bits: -14
2020/05/30-17:01:51.605201 10ba8a000                  Options.compression_opts.level: 32767
2020/05/30-17:01:51.605203 10ba8a000               Options.compression_opts.strategy: 0
2020/05/30-17:01:51.605204 10ba8a000         Options.compression_opts.max_dict_bytes: 0
2020/05/30-17:01:51.605205 10ba8a000         Options.compression_opts.zstd_max_train_bytes: 0
2020/05/30-17:01:51.605206 10ba8a000                  Options.compression_opts.enabled: false
2020/05/30-17:01:51.605207 10ba8a000      Options.level0_file_num_compaction_trigger: 4
2020/05/30-17:01:51.605208 10ba8a000          Options.level0_slowdown_writes_trigger: 20
2020/05/30-17:01:51.605209 10ba8a000              Options.level0_stop_writes_trigger: 36
2020/05/30-17:01:51.605210 10ba8a000                   Options.target_file_size_base: 67108864
2020/05/30-17:01:51.605211 10ba8a000             Options.target_file_size_multiplier: 1
2020/05/30-17:01:51.605212 10ba8a000                Options.max_bytes_for_level_base: 268435456
2020/05/30-17:01:51.605213 10ba8a000                      Options.snap_refresh_nanos: 0
2020/05/30-17:01:51.605214 10ba8a000 Options.level_compaction_dynamic_level_bytes: 0
2020/05/30-17:01:51.605215 10ba8a000          Options.max_bytes_for_level_multiplier: 10.000000
2020/05/30-17:01:51.605217 10ba8a000 Options.max_bytes_for_level_multiplier_addtl[0]: 1
2020/05/30-17:01:51.605218 10ba8a000 Options.max_bytes_for_level_multiplier_addtl[1]: 1
2020/05/30-17:01:51.605219 10ba8a000 Options.max_bytes_for_level_multiplier_addtl[2]: 1
2020/05/30-17:01:51.605220 10ba8a000 Options.max_bytes_for_level_multiplier_addtl[3]: 1
2020/05/30-17:01:51.605221 10ba8a000 Options.max_bytes_for_level_multiplier_addtl[4]: 1
2020/05/30-17:01:51.605222 10ba8a000 Options.max_bytes_for_level_multiplier_addtl[5]: 1
2020/05/30-17:01:51.605223 10ba8a000 Options.max_bytes_for_level_multiplier_addtl[6]: 1
2020/05/30-17:01:51.605224 10ba8a000       Options.max_sequential_skip_in_iterations: 8
2020/05/30-17:01:51.605225 10ba8a000                    Options.max_compaction_bytes: 1677721600
2020/05/30-17:01:51.605226 10ba8a000                        Options.arena_block_size: 8388608
2020/05/30-17:01:51.605227 10ba8a000   Options.soft_pending_compaction_bytes_limit: 68719476736
2020/05/30-17:01:51.605228 10ba8a000   Options.hard_pending_compaction_bytes_limit: 274877906944
2020/05/30-17:01:51.605230 10ba8a000       Options.rate_limit_delay_max_milliseconds: 100
2020/05/30-17:01:51.605231 10ba8a000                Options.disable_auto_compactions: 1
2020/05/30-17:01:51.605232 10ba8a000                        Options.compaction_style: kCompactionStyleLevel
2020/05/30-17:01:51.605233 10ba8a000                          Options.compaction_pri: kMinOverlappingRatio
2020/05/30-17:01:51.605234 10ba8a000 Options.compaction_options_universal.size_ratio: 1
2020/05/30-17:01:51.605235 10ba8a000 Options.compaction_options_universal.min_merge_width: 2
2020/05/30-17:01:51.605236 10ba8a000 Options.compaction_options_universal.max_merge_width: 4294967295
2020/05/30-17:01:51.605237 10ba8a000 Options.compaction_options_universal.max_size_amplification_percent: 200
2020/05/30-17:01:51.605238 10ba8a000 Options.compaction_options_universal.compression_size_percent: -1
2020/05/30-17:01:51.605240 10ba8a000 Options.compaction_options_universal.stop_style: kCompactionStopStyleTotalSize
2020/05/30-17:01:51.605241 10ba8a000 Options.compaction_options_fifo.max_table_files_size: 1073741824
2020/05/30-17:01:51.605242 10ba8a000 Options.compaction_options_fifo.allow_compaction: 0
2020/05/30-17:01:51.605243 10ba8a000                   Options.table_properties_collectors: 
2020/05/30-17:01:51.605244 10ba8a000                   Options.inplace_update_support: 0
2020/05/30-17:01:51.605245 10ba8a000                 Options.inplace_update_num_locks: 10000
2020/05/30-17:01:51.605246 10ba8a000               Options.memtable_prefix_bloom_size_ratio: 0.000000
2020/05/30-17:01:51.605247 10ba8a000               Options.memtable_whole_key_filtering: 0
2020/05/30-17:01:51.605248 10ba8a000   Options.memtable_huge_page_size: 0
2020/05/30-17:01:51.605249 10ba8a000                           Options.bloom_locality: 0
2020/05/30-17:01:51.605250 10ba8a000                    Options.max_successive_merges: 0
2020/05/30-17:01:51.605251 10ba8a000                Options.optimize_filters_for_hits: 0
2020/05/30-17:01:51.605252 10ba8a000                Options.paranoid_file_checks: 0
2020/05/30-17:01:51.605253 10ba8a000                Options.force_consistency_checks: 0
2020/05/30-17:01:51.605254 10ba8a000                Options.report_bg_io_stats: 0
2020/05/30-17:01:51.605255 10ba8a000                               Options.ttl: 0
2020/05/30-17:01:51.605256 10ba8a000          Options.periodic_compaction_seconds: 0
2020/05/30-17:01:51.605293 10ba8a000 [lumn_family.cc:481] --------------- Options for column family []:
2020/05/30-17:01:51.605295 10ba8a000               Options.comparator: leveldb.BytewiseComparator
2020/05/30-17:01:51.605297 10ba8a000           Options.merge_operator: None
2020/05/30-17:01:51.605298 10ba8a000        Options.compaction_filter: None
2020/05/30-17:01:51.605299 10ba8a000        Options.compaction_filter_factory: None
2020/05/30-17:01:51.605300 10ba8a000         Options.memtable_factory: SkipListFactory
2020/05/30-17:01:51.605301 10ba8a000            Options.table_factory: BlockBasedTable
2020/05/30-17:01:51.605313 10ba8a000            table_factory options:   flush_block_policy_factory: FlushBlockBySizePolicyFactory (0x7f8207cc0d70)
  cache_index_and_filter_blocks: 0
  cache_index_and_filter_blocks_with_high_priority: 1
  pin_l0_filter_and_index_blocks_in_cache: 0
  pin_top_level_index_and_filter: 1
  index_type: 0
  data_block_index_type: 0
  index_shortening: 1
  data_block_hash_table_util_ratio: 0.750000
  hash_index_allow_collision: 1
  checksum: 1
  no_block_cache: 0
  block_cache: 0x7f8207cc1a18
  block_cache_name: LRUCache
  block_cache_options:
    capacity : 8388608
    num_shard_bits : 4
    strict_capacity_limit : 0
    memory_allocator : None
    high_pri_pool_ratio: 0.000
  block_cache_compressed: 0x0
  persistent_cache: 0x0
  block_size: 4096
  block_size_deviation: 10
  block_restart_interval: 16
  index_block_restart_interval: 1
  metadata_block_size: 4096
  partition_filters: 0
  use_delta_encoding: 1
  filter_policy: nullptr
  whole_key_filtering: 1
  verify_compression: 0
  read_amp_bytes_per_bit: 0
  format_version: 2
  enable_index_compression: 1
  block_align: 0
2020/05/30-17:01:51.605314 10ba8a000        Options.write_buffer_size: 67108864
2020/05/30-17:01:51.605315 10ba8a000  Options.max_write_buffer_number: 2
2020/05/30-17:01:51.605316 10ba8a000          Options.compression: Snappy
2020/05/30-17:01:51.605317 10ba8a000                  Options.bottommost_compression: Disabled
2020/05/30-17:01:51.605318 10ba8a000       Options.prefix_extractor: nullptr
2020/05/30-17:01:51.605319 10ba8a000   Options.memtable_insert_with_hint_prefix_extractor: nullptr
2020/05/30-17:01:51.605320 10ba8a000             Options.num_levels: 7
2020/05/30-17:01:51.605321 10ba8a000        Options.min_write_buffer_number_to_merge: 1
2020/05/30-17:01:51.605322 10ba8a000     Options.max_write_buffer_number_to_maintain: 2
2020/05/30-17:01:51.605323 10ba8a000            Options.bottommost_compression_opts.window_bits: -14
2020/05/30-17:01:51.605325 10ba8a000                  Options.bottommost_compression_opts.level: 32767
2020/05/30-17:01:51.605326 10ba8a000               Options.bottommost_compression_opts.strategy: 0
2020/05/30-17:01:51.605327 10ba8a000         Options.bottommost_compression_opts.max_dict_bytes: 0
2020/05/30-17:01:51.605328 10ba8a000         Options.bottommost_compression_opts.zstd_max_train_bytes: 0
2020/05/30-17:01:51.605329 10ba8a000                  Options.bottommost_compression_opts.enabled: false
2020/05/30-17:01:51.605330 10ba8a000            Options.compression_opts.window_bits: -14
2020/05/30-17:01:51.605331 10ba8a000                  Options.compression_opts.level: 32767
2020/05/30-17:01:51.605332 10ba8a000               Options.compression_opts.strategy: 0
2020/05/30-17:01:51.605333 10ba8a000         Options.compression_opts.max_dict_bytes: 0
2020/05/30-17:01:51.605334 10ba8a000         Options.compression_opts.zstd_max_train_bytes: 0
2020/05/30-17:01:51.605335 10ba8a000                  Options.compression_opts.enabled: false
2020/05/30-17:01:51.605336 10ba8a000      Options.level0_file_num_compaction_trigger: 4
2020/05/30-17:01:51.605337 10ba8a000          Options.level0_slowdown_writes_trigger: 20
2020/05/30-17:01:51.605338 10ba8a000              Options.level0_stop_writes_trigger: 36
2020/05/30-17:01:51.605339 10ba8a000                   Options.target_file_size_base: 67108864
2020/05/30-17:01:51.605340 10ba8a000             Options.target_file_size_multiplier: 1
2020/05/30-17:01:51.605341 10ba8a000                Options.max_bytes_for_level_base: 268435456
2020/05/30-17:01:51.605342 10ba8a000                      Options.snap_refresh_nanos: 0
2020/05/30-17:01:51.605343 10ba8a000 Options.level_compaction_dynamic_level_bytes: 0
2020/05/30-17:01:51.605344 10ba8a000          Options.max_bytes_for_level_multiplier: 10.000000
2020/05/30-17:01:51.605346 10ba8a000 Options.max_bytes_for_level_multiplier_addtl[0]: 1
2020/05/30-17:01:51.605347 10ba8a000 Options.max_bytes_for_level_multiplier_addtl[1]: 1
2020/05/30-17:01:51.605348 10ba8a000 Options.max_bytes_for_level_multiplier_addtl[2]: 1
2020/05/30-17:01:51.605349 10ba8a000 Options.max_bytes_for_level_multiplier_addtl[3]: 1
2020/05/30-17:01:51.605350 10ba8a000 Options.max_bytes_for_level_multiplier_addtl[4]: 1
2020/05/30-17:01:51.605351 10ba8a000 Options.max_bytes_for_level_multiplier_addtl[5]: 1
2020/05/30-17:01:51.605352 10ba8a000 Options.max_bytes_for_level_multiplier_addtl[6]: 1
2020/05/30-17:01:51.605353 10ba8a000       Options.max_sequential_skip_in_iterations: 8
2020/05/30-17:01:51.605354 10ba8a000                    Options.max_compaction_bytes: 1677721600
2020/05/30-17:01:51.605355 10ba8a000                        Options.arena_block_size: 8388608
2020/05/30-17:01:51.605356 10ba8a000   Options.soft_pending_compaction_bytes_limit: 68719476736
2020/05/30-17:01:51.605357 10ba8a000   Options.hard_pending_compaction_bytes_limit: 274877906944
2020/05/30-17:01:51.605358 10ba8a000       Options.rate_limit_delay_max_milliseconds: 100
2020/05/30-17:01:51.605359 10ba8a000                Options.disable_auto_compactions: 1
2020/05/30-17:01:51.605360 10ba8a000                        Options.compaction_style: kCompactionStyleLevel
2020/05/30-17:01:51.605362 10ba8a000                          Options.compaction_pri: kMinOverlappingRatio
2020/05/30-17:01:51.605363 10ba8a000 Options.compaction_options_universal.size_ratio: 1
2020/05/30-17:01:51.605364 10ba8a000 Options.compaction_options_universal.min_merge_width: 2
2020/05/30-17:01:51.605365 10ba8a000 Options.compaction_options_universal.max_merge_width: 4294967295
2020/05/30-17:01:51.605366 10ba8a000 Options.compaction_options_universal.max_size_amplification_percent: 200
2020/05/30-17:01:51.605367 10ba8a000 Options.compaction_options_universal.compression_size_percent: -1
2020/05/30-17:01:51.605368 10ba8a000 Options.compaction_options_universal.stop_style: kCompactionStopStyleTotalSize
2020/05/30-17:01:51.605369 10ba8a000 Options.compaction_options_fifo.max_table_files_size: 1073741824
2020/05/30-17:01:51.605370 10ba8a000 Options.compaction_options_fifo.allow_compaction: 0
2020/05/30-17:01:51.605371 10ba8a000                   Options.table_properties_collectors: 
2020/05/30-17:01:51.605372 10ba8a000                   Options.inplace_update_support: 0
2020/05/30-17:01:51.605373 10ba8a000                 Options.inplace_update_num_locks: 10000
2020/05/30-17:01:51.605374 10ba8a000               Options.memtable_prefix_bloom_size_ratio: 0.000000
2020/05/30-17:01:51.605375 10ba8a000               Options.memtable_whole_key_filtering: 0
2020/05/30-17:01:51.605376 10ba8a000   Options.memtable_huge_page_size: 0
2020/05/30-17:01:51.605377 10ba8a000                           Options.bloom_locality: 0
2020/05/30-17:01:51.605378 10ba8a000                    Options.max_successive_merges: 0
2020/05/30-17:01:51.605379 10ba8a000                Options.optimize_filters_for_hits: 0
2020/05/30-17:01:51.605380 10ba8a000                Options.paranoid_file_checks: 0
2020/05/30-17:01:51.605381 10ba8a000                Options.force_consistency_checks: 0
2020/05/30-17:01:51.605382 10ba8a000                Options.report_bg_io_stats: 0
2020/05/30-17:01:51.605383 10ba8a000                               Options.ttl: 0
2020/05/30-17:01:51.605384 10ba8a000          Options.periodic_compaction_seconds: 0
2020/05/30-17:01:51.605409 10ba8a000 [lumn_family.cc:481] --------------- Options for column family []:
2020/05/30-17:01:51.605411 10ba8a000               Options.comparator: leveldb.BytewiseComparator
2020/05/30-17:01:51.605412 10ba8a000           Options.merge_operator: None
2020/05/30-17:01:51.605413 10ba8a000        Options.compaction_filter: None
2020/05/30-17:01:51.605414 10ba8a000        Options.compaction_filter_factory: None
2020/05/30-17:01:51.605415 10ba8a000         Options.memtable_factory: SkipListFactory
2020/05/30-17:01:51.605416 10ba8a000            Options.table_factory: BlockBasedTable
2020/05/30-17:01:51.605427 10ba8a000            table_factory options:   flush_block_policy_factory: FlushBlockBySizePolicyFactory (0x7f8207cc2b90)
  cache_index_and_filter_blocks: 0
  cache_index_and_filter_blocks_with_high_priority: 1
  pin_l0_filter_and_index_blocks_in_cache: 0
  pin_top_level_index_and_filter: 1
  index_type: 0
  data_block_index_type: 0
  index_shortening: 1
  data_block_hash_table_util_ratio: 0.750000
  hash_index_allow_collision: 1
  checksum: 1
  no_block_cache: 0
  block_cache: 0x7f8207cc2bd8
  block_cache_name: LRUCache
  block_cache_options:
    capacity : 8388608
    num_shard_bits : 4
    strict_capacity_limit : 0
    memory_allocator : None
    high_pri_pool_ratio: 0.000
  block_cache_compressed: 0x0
  persistent_cache: 0x0
  block_size: 4096
  block_size_deviation: 10
  block_restart_interval: 16
  index_block_restart_interval: 1
  metadata_block_size: 4096
  partition_filters: 0
  use_delta_encoding: 1
  filter_policy: nullptr
  whole_key_filtering: 1
  verify_compression: 0
  read_amp_bytes_per_bit: 0
  format_version: 2
  enable_index_compression: 1
  block_align: 0
2020/05/30-17:01:51.605428 10ba8a000        Options.write_buffer_size: 67108864
2020/05/30-17:01:51.605430 10ba8a000  Options.max_write_buffer_number: 2
2020/05/30-17:01:51.605431 10ba8a000          Options.compression: Snappy
2020/05/30-17:01:51.605432 10ba8a000                  Options.bottommost_compression: Disabled
2020/05/30-17:01:51.605433 10ba8a000       Options.prefix_extractor: nullptr
2020/05/30-17:01:51.605434 10ba8a000   Options.memtable_insert_with_hint_prefix_extractor: nullptr
2020/05/30-17:01:51.605435 10ba8a000             Options.num_levels: 7
2020/05/30-17:01:51.605436 10ba8a000        Options.min_write_buffer_number_to_merge: 1
2020/05/30-17:01:51.605437 10ba8a000     Options.max_write_buffer_number_to_maintain: 2
2020/05/30-17:01:51.605438 10ba8a000            Options.bottommost_compression_opts.window_bits: -14
2020/05/30-17:01:51.605439 10ba8a000                  Options.bottommost_compression_opts.level: 32767
2020/05/30-17:01:51.605440 10ba8a000               Options.bottommost_compression_opts.strategy: 0
2020/05/30-17:01:51.605441 10ba8a000         Options.bottommost_compression_opts.max_dict_bytes: 0
2020/05/30-17:01:51.605442 10ba8a000         Options.bottommost_compression_opts.zstd_max_train_bytes: 0
2020/05/30-17:01:51.605443 10ba8a000                  Options.bottommost_compression_opts.enabled: false
2020/05/30-17:01:51.605444 10ba8a000            Options.compression_opts.window_bits: -14
2020/05/30-17:01:51.605445 10ba8a000                  Options.compression_opts.level: 32767
2020/05/30-17:01:51.605446 10ba8a000               Options.compression_opts.strategy: 0
2020/05/30-17:01:51.605447 10ba8a000         Options.compression_opts.max_dict_bytes: 0
2020/05/30-17:01:51.605448 10ba8a000         Options.compression_opts.zstd_max_train_bytes: 0
2020/05/30-17:01:51.605449 10ba8a000                  Options.compression_opts.enabled: false
2020/05/30-17:01:51.605450 10ba8a000      Options.level0_file_num_compaction_trigger: 4
2020/05/30-17:01:51.605451 10ba8a000          Options.level0_slowdown_writes_trigger: 20
2020/05/30-17:01:51.605452 10ba8a000              Options.level0_stop_writes_trigger: 36
2020/05/30-17:01:51.605453 10ba8a000                   Options.target_file_size_base: 67108864
2020/05/30-17:01:51.605454 10ba8a000             Options.target_file_size_multiplier: 1
2020/05/30-17:01:51.605455 10ba8a000                Options.max_bytes_for_level_base: 268435456
2020/05/30-17:01:51.605456 10ba8a000                      Options.snap_refresh_nanos: 0
2020/05/30-17:01:51.605457 10ba8a000 Options.level_compaction_dynamic_level_bytes: 0
2020/05/30-17:01:51.605458 10ba8a000          Options.max_bytes_for_level_multiplier: 10.000000
2020/05/30-17:01:51.605459 10ba8a000 Options.max_bytes_for_level_multiplier_addtl[0]: 1
2020/05/30-17:01:51.605461 10ba8a000 Options.max_bytes_for_level_multiplier_addtl[1]: 1
2020/05/30-17:01:51.605462 10ba8a000 Options.max_bytes_for_level_multiplier_addtl[2]: 1
2020/05/30-17:01:51.605463 10ba8a000 Options.max_bytes_for_level_multiplier_addtl[3]: 1
2020/05/30-17:01:51.605464 10ba8a000 Options.max_bytes_for_level_multiplier_addtl[4]: 1
2020/05/30-17:01:51.605465 10ba8a000 Options.max_bytes_for_level_multiplier_addtl[5]: 1
2020/05/30-17:01:51.605466 10ba8a000 Options.max_bytes_for_level_multiplier_addtl[6]: 1
2020/05/30-17:01:51.605467 10ba8a000       Options.max_sequential_skip_in_iterations: 8
2020/05/30-17:01:51.605468 10ba8a000                    Options.max_compaction_bytes: 1677721600
2020/05/30-17:01:51.605469 10ba8a000                        Options.arena_block_size: 8388608
2020/05/30-17:01:51.605470 10ba8a000   Options.soft_pending_compaction_bytes_limit: 68719476736
2020/05/30-17:01:51.605471 10ba8a000   Options.hard_pending_compaction_bytes_limit: 274877906944
2020/05/30-17:01:51.605472 10ba8a000       Options.rate_limit_delay_max_milliseconds: 100
2020/05/30-17:01:51.605473 10ba8a000                Options.disable_auto_compactions: 1
2020/05/30-17:01:51.605474 10ba8a000                        Options.compaction_style: kCompactionStyleLevel
2020/05/30-17:01:51.605475 10ba8a000                          Options.compaction_pri: kMinOverlappingRatio
2020/05/30-17:01:51.605476 10ba8a000 Options.compaction_options_universal.size_ratio: 1
2020/05/30-17:01:51.605477 10ba8a000 Options.compaction_options_universal.min_merge_width: 2
2020/05/30-17:01:51.605478 10ba8a000 Options.compaction_options_universal.max_merge_width: 4294967295
2020/05/30-17:01:51.605479 10ba8a000 Options.compaction_options_universal.max_size_amplification_percent: 200
2020/05/30-17:01:51.605480 10ba8a000 Options.compaction_options_universal.compression_size_percent: -1
2020/05/30-17:01:51.605482 10ba8a000 Options.compaction_options_universal.stop_style: kCompactionStopStyleTotalSize
2020/05/30-17:01:51.605483 10ba8a000 Options.compaction_options_fifo.max_table_files_size: 1073741824
2020/05/30-17:01:51.605484 10ba8a000 Options.compaction_options_fifo.allow_compaction: 0
2020/05/30-17:01:51.605485 10ba8a000                   Options.table_properties_collectors: 
2020/05/30-17:01:51.605486 10ba8a000                   Options.inplace_update_support: 0
2020/05/30-17:01:51.605487 10ba8a000                 Options.inplace_update_num_locks: 10000
2020/05/30-17:01:51.605488 10ba8a000               Options.memtable_prefix_bloom_size_ratio: 0.000000
2020/05/30-17:01:51.605489 10ba8a000               Options.memtable_whole_key_filtering: 0
2020/05/30-17:01:51.605490 10ba8a000   Options.memtable_huge_page_size: 0
2020/05/30-17:01:51.605491 10ba8a000                           Options.bloom_locality: 0
2020/05/30-17:01:51.605492 10ba8a000                    Options.max_successive_merges: 0
2020/05/30-17:01:51.605493 10ba8a000                Options.optimize_filters_for_hits: 0
