2020/05/19-15:57:09.126234 102bc4000 RocksDB version: 6.4.6
2020/05/19-15:57:09.126383 102bc4000 Git sha rocksdb_build_git_sha:e3169e3ea8762d2f34880742106858a23c8dc8b7
2020/05/19-15:57:09.126388 102bc4000 Compile date Nov 24 2019
2020/05/19-15:57:09.126395 102bc4000 DB SUMMARY
2020/05/19-15:57:09.126608 102bc4000 CURRENT file:  CURRENT
2020/05/19-15:57:09.126613 102bc4000 IDENTITY file:  IDENTITY
2020/05/19-15:57:09.126624 102bc4000 MANIFEST file:  MANIFEST-000132 size: 1185 Bytes
2020/05/19-15:57:09.126628 102bc4000 SST files in /Users/Happpyyyyyyy/PIR/IBFT-Network/Node-3/data/database dir, Total Num: 8, files: 000086.sst 000095.sst 000099.sst 000100.sst 000116.sst 000117.sst 000133.sst 000134.sst 
2020/05/19-15:57:09.126631 102bc4000 Write Ahead Log file in /Users/Happpyyyyyyy/PIR/IBFT-Network/Node-3/data/database: 000003.log size: 39419 ; 000031.log size: 140963 ; 000048.log size: 647098 ; 000065.log size: 17014 ; 000082.log size: 82504 ; 000101.log size: 37283 ; 000118.log size: 102063 ; 000135.log size: 613810 ; 
2020/05/19-15:57:09.126636 102bc4000                         Options.error_if_exists: 0
2020/05/19-15:57:09.126643 102bc4000                       Options.create_if_missing: 1
2020/05/19-15:57:09.126645 102bc4000                         Options.paranoid_checks: 1
2020/05/19-15:57:09.126647 102bc4000                                     Options.env: 0x125b600d0
2020/05/19-15:57:09.126649 102bc4000                                Options.info_log: 0x7f967be359f0
2020/05/19-15:57:09.126652 102bc4000                Options.max_file_opening_threads: 16
2020/05/19-15:57:09.126654 102bc4000                              Options.statistics: 0x7f967be33060
2020/05/19-15:57:09.126656 102bc4000                               Options.use_fsync: 0
2020/05/19-15:57:09.126661 102bc4000                       Options.max_log_file_size: 0
2020/05/19-15:57:09.126663 102bc4000                  Options.max_manifest_file_size: 1073741824
2020/05/19-15:57:09.126666 102bc4000                   Options.log_file_time_to_roll: 0
2020/05/19-15:57:09.126668 102bc4000                       Options.keep_log_file_num: 1000
2020/05/19-15:57:09.126670 102bc4000                    Options.recycle_log_file_num: 0
2020/05/19-15:57:09.126671 102bc4000                         Options.allow_fallocate: 1
2020/05/19-15:57:09.126673 102bc4000                        Options.allow_mmap_reads: 0
2020/05/19-15:57:09.126675 102bc4000                       Options.allow_mmap_writes: 0
2020/05/19-15:57:09.126677 102bc4000                        Options.use_direct_reads: 0
2020/05/19-15:57:09.126679 102bc4000                        Options.use_direct_io_for_flush_and_compaction: 0
2020/05/19-15:57:09.126681 102bc4000          Options.create_missing_column_families: 1
2020/05/19-15:57:09.126682 102bc4000                              Options.db_log_dir: 
2020/05/19-15:57:09.126684 102bc4000                                 Options.wal_dir: /Users/Happpyyyyyyy/PIR/IBFT-Network/Node-3/data/database
2020/05/19-15:57:09.126686 102bc4000                Options.table_cache_numshardbits: 6
2020/05/19-15:57:09.126688 102bc4000                      Options.max_subcompactions: 1
2020/05/19-15:57:09.126690 102bc4000                  Options.max_background_flushes: -1
2020/05/19-15:57:09.126693 102bc4000                         Options.WAL_ttl_seconds: 0
2020/05/19-15:57:09.126695 102bc4000                       Options.WAL_size_limit_MB: 0
2020/05/19-15:57:09.126697 102bc4000             Options.manifest_preallocation_size: 4194304
2020/05/19-15:57:09.126698 102bc4000                     Options.is_fd_close_on_exec: 1
2020/05/19-15:57:09.126700 102bc4000                   Options.advise_random_on_open: 1
2020/05/19-15:57:09.126702 102bc4000                    Options.db_write_buffer_size: 0
2020/05/19-15:57:09.126704 102bc4000                    Options.write_buffer_manager: 0x7f967be35d90
2020/05/19-15:57:09.126706 102bc4000         Options.access_hint_on_compaction_start: 1
2020/05/19-15:57:09.126708 102bc4000  Options.new_table_reader_for_compaction_inputs: 0
2020/05/19-15:57:09.126710 102bc4000           Options.random_access_max_buffer_size: 1048576
2020/05/19-15:57:09.126712 102bc4000                      Options.use_adaptive_mutex: 0
2020/05/19-15:57:09.126714 102bc4000                            Options.rate_limiter: 0x0
2020/05/19-15:57:09.126716 102bc4000     Options.sst_file_manager.rate_bytes_per_sec: 0
2020/05/19-15:57:09.126718 102bc4000                       Options.wal_recovery_mode: 2
2020/05/19-15:57:09.126721 102bc4000                  Options.enable_thread_tracking: 0
2020/05/19-15:57:09.126723 102bc4000                  Options.enable_pipelined_write: 0
2020/05/19-15:57:09.126725 102bc4000                  Options.unordered_write: 0
2020/05/19-15:57:09.126727 102bc4000         Options.allow_concurrent_memtable_write: 1
2020/05/19-15:57:09.126729 102bc4000      Options.enable_write_thread_adaptive_yield: 1
2020/05/19-15:57:09.126731 102bc4000             Options.write_thread_max_yield_usec: 100
2020/05/19-15:57:09.126733 102bc4000            Options.write_thread_slow_yield_usec: 3
2020/05/19-15:57:09.126735 102bc4000                               Options.row_cache: None
2020/05/19-15:57:09.126737 102bc4000                              Options.wal_filter: None
2020/05/19-15:57:09.126739 102bc4000             Options.avoid_flush_during_recovery: 0
2020/05/19-15:57:09.126741 102bc4000             Options.allow_ingest_behind: 0
2020/05/19-15:57:09.126743 102bc4000             Options.preserve_deletes: 0
2020/05/19-15:57:09.126745 102bc4000             Options.two_write_queues: 0
2020/05/19-15:57:09.126747 102bc4000             Options.manual_wal_flush: 0
2020/05/19-15:57:09.126749 102bc4000             Options.atomic_flush: 0
2020/05/19-15:57:09.126751 102bc4000             Options.avoid_unnecessary_blocking_io: 0
2020/05/19-15:57:09.126753 102bc4000                 Options.persist_stats_to_disk: 0
2020/05/19-15:57:09.126755 102bc4000                 Options.log_readahead_size: 0
2020/05/19-15:57:09.126757 102bc4000             Options.max_background_jobs: 2
2020/05/19-15:57:09.126759 102bc4000             Options.max_background_compactions: 4
2020/05/19-15:57:09.126761 102bc4000             Options.avoid_flush_during_shutdown: 0
2020/05/19-15:57:09.126763 102bc4000           Options.writable_file_max_buffer_size: 1048576
2020/05/19-15:57:09.126765 102bc4000             Options.delayed_write_rate : 16777216
2020/05/19-15:57:09.126767 102bc4000             Options.max_total_wal_size: 0
2020/05/19-15:57:09.126769 102bc4000             Options.delete_obsolete_files_period_micros: 21600000000
2020/05/19-15:57:09.126771 102bc4000                   Options.stats_dump_period_sec: 600
2020/05/19-15:57:09.126773 102bc4000                 Options.stats_persist_period_sec: 600
2020/05/19-15:57:09.126775 102bc4000                 Options.stats_history_buffer_size: 1048576
2020/05/19-15:57:09.126777 102bc4000                          Options.max_open_files: 1024
2020/05/19-15:57:09.126779 102bc4000                          Options.bytes_per_sync: 0
2020/05/19-15:57:09.126781 102bc4000                      Options.wal_bytes_per_sync: 0
2020/05/19-15:57:09.126783 102bc4000                   Options.strict_bytes_per_sync: 0
2020/05/19-15:57:09.126785 102bc4000       Options.compaction_readahead_size: 0
2020/05/19-15:57:09.126787 102bc4000 Compression algorithms supported:
2020/05/19-15:57:09.126794 102bc4000 	kZSTD supported: 1
2020/05/19-15:57:09.126797 102bc4000 	kZlibCompression supported: 1
2020/05/19-15:57:09.126800 102bc4000 	kXpressCompression supported: 0
2020/05/19-15:57:09.126802 102bc4000 	kSnappyCompression supported: 1
2020/05/19-15:57:09.126804 102bc4000 	kZSTDNotFinalCompression supported: 1
2020/05/19-15:57:09.126806 102bc4000 	kLZ4HCCompression supported: 1
2020/05/19-15:57:09.126808 102bc4000 	kLZ4Compression supported: 1
2020/05/19-15:57:09.126810 102bc4000 	kBZip2Compression supported: 1
2020/05/19-15:57:09.126818 102bc4000 Fast CRC32 supported: Not supported on x86
2020/05/19-15:57:09.127989 102bc4000 [rsion_set.cc:4252] Recovering from manifest file: /Users/Happpyyyyyyy/PIR/IBFT-Network/Node-3/data/database/MANIFEST-000132
2020/05/19-15:57:09.128186 102bc4000 [lumn_family.cc:481] --------------- Options for column family [default]:
2020/05/19-15:57:09.128192 102bc4000               Options.comparator: leveldb.BytewiseComparator
2020/05/19-15:57:09.128195 102bc4000           Options.merge_operator: None
2020/05/19-15:57:09.128197 102bc4000        Options.compaction_filter: None
2020/05/19-15:57:09.128199 102bc4000        Options.compaction_filter_factory: None
2020/05/19-15:57:09.128201 102bc4000         Options.memtable_factory: SkipListFactory
2020/05/19-15:57:09.128203 102bc4000            Options.table_factory: BlockBasedTable
2020/05/19-15:57:09.128237 102bc4000            table_factory options:   flush_block_policy_factory: FlushBlockBySizePolicyFactory (0x7f967bd34240)
  cache_index_and_filter_blocks: 0
  cache_index_and_filter_blocks_with_high_priority: 0
  pin_l0_filter_and_index_blocks_in_cache: 0
  pin_top_level_index_and_filter: 1
  index_type: 0
  data_block_index_type: 0
  index_shortening: 1
  data_block_hash_table_util_ratio: 0.750000
  hash_index_allow_collision: 1
  checksum: 1
  no_block_cache: 0
  block_cache: 0x7f967be320e8
  block_cache_name: LRUCache
  block_cache_options:
    capacity : 8388608
    num_shard_bits : 4
    strict_capacity_limit : 0
    memory_allocator : None
    high_pri_pool_ratio: 0.000
  block_cache_compressed: 0x0
  persistent_cache: 0x0
  block_size: 4096
  block_size_deviation: 10
  block_restart_interval: 16
  index_block_restart_interval: 1
  metadata_block_size: 4096
  partition_filters: 0
  use_delta_encoding: 1
  filter_policy: nullptr
  whole_key_filtering: 1
  verify_compression: 1
  read_amp_bytes_per_bit: 0
  format_version: 2
  enable_index_compression: 1
  block_align: 0
2020/05/19-15:57:09.128240 102bc4000        Options.write_buffer_size: 67108864
2020/05/19-15:57:09.128242 102bc4000  Options.max_write_buffer_number: 2
2020/05/19-15:57:09.128245 102bc4000          Options.compression: Snappy
2020/05/19-15:57:09.128247 102bc4000                  Options.bottommost_compression: Disabled
2020/05/19-15:57:09.128249 102bc4000       Options.prefix_extractor: nullptr
2020/05/19-15:57:09.128251 102bc4000   Options.memtable_insert_with_hint_prefix_extractor: nullptr
2020/05/19-15:57:09.128253 102bc4000             Options.num_levels: 7
2020/05/19-15:57:09.128255 102bc4000        Options.min_write_buffer_number_to_merge: 1
2020/05/19-15:57:09.128257 102bc4000     Options.max_write_buffer_number_to_maintain: 2
2020/05/19-15:57:09.128259 102bc4000            Options.bottommost_compression_opts.window_bits: -14
2020/05/19-15:57:09.128261 102bc4000                  Options.bottommost_compression_opts.level: 32767
2020/05/19-15:57:09.128268 102bc4000               Options.bottommost_compression_opts.strategy: 0
2020/05/19-15:57:09.128270 102bc4000         Options.bottommost_compression_opts.max_dict_bytes: 0
2020/05/19-15:57:09.128272 102bc4000         Options.bottommost_compression_opts.zstd_max_train_bytes: 0
2020/05/19-15:57:09.128274 102bc4000                  Options.bottommost_compression_opts.enabled: false
2020/05/19-15:57:09.128276 102bc4000            Options.compression_opts.window_bits: -14
2020/05/19-15:57:09.128278 102bc4000                  Options.compression_opts.level: 32767
2020/05/19-15:57:09.128280 102bc4000               Options.compression_opts.strategy: 0
2020/05/19-15:57:09.128282 102bc4000         Options.compression_opts.max_dict_bytes: 0
2020/05/19-15:57:09.128284 102bc4000         Options.compression_opts.zstd_max_train_bytes: 0
2020/05/19-15:57:09.128286 102bc4000                  Options.compression_opts.enabled: false
2020/05/19-15:57:09.128288 102bc4000      Options.level0_file_num_compaction_trigger: 4
2020/05/19-15:57:09.128290 102bc4000          Options.level0_slowdown_writes_trigger: 20
2020/05/19-15:57:09.128292 102bc4000              Options.level0_stop_writes_trigger: 36
2020/05/19-15:57:09.128294 102bc4000                   Options.target_file_size_base: 67108864
2020/05/19-15:57:09.128296 102bc4000             Options.target_file_size_multiplier: 1
2020/05/19-15:57:09.128297 102bc4000                Options.max_bytes_for_level_base: 268435456
2020/05/19-15:57:09.128299 102bc4000                      Options.snap_refresh_nanos: 0
2020/05/19-15:57:09.128301 102bc4000 Options.level_compaction_dynamic_level_bytes: 0
2020/05/19-15:57:09.128303 102bc4000          Options.max_bytes_for_level_multiplier: 10.000000
2020/05/19-15:57:09.128305 102bc4000 Options.max_bytes_for_level_multiplier_addtl[0]: 1
2020/05/19-15:57:09.128307 102bc4000 Options.max_bytes_for_level_multiplier_addtl[1]: 1
2020/05/19-15:57:09.128309 102bc4000 Options.max_bytes_for_level_multiplier_addtl[2]: 1
2020/05/19-15:57:09.128311 102bc4000 Options.max_bytes_for_level_multiplier_addtl[3]: 1
2020/05/19-15:57:09.128312 102bc4000 Options.max_bytes_for_level_multiplier_addtl[4]: 1
2020/05/19-15:57:09.128314 102bc4000 Options.max_bytes_for_level_multiplier_addtl[5]: 1
2020/05/19-15:57:09.128316 102bc4000 Options.max_bytes_for_level_multiplier_addtl[6]: 1
2020/05/19-15:57:09.128317 102bc4000       Options.max_sequential_skip_in_iterations: 8
2020/05/19-15:57:09.128319 102bc4000                    Options.max_compaction_bytes: 1677721600
2020/05/19-15:57:09.128321 102bc4000                        Options.arena_block_size: 8388608
2020/05/19-15:57:09.128323 102bc4000   Options.soft_pending_compaction_bytes_limit: 68719476736
2020/05/19-15:57:09.128324 102bc4000   Options.hard_pending_compaction_bytes_limit: 274877906944
2020/05/19-15:57:09.128326 102bc4000       Options.rate_limit_delay_max_milliseconds: 100
2020/05/19-15:57:09.128328 102bc4000                Options.disable_auto_compactions: 1
2020/05/19-15:57:09.128330 102bc4000                        Options.compaction_style: kCompactionStyleLevel
2020/05/19-15:57:09.128333 102bc4000                          Options.compaction_pri: kMinOverlappingRatio
2020/05/19-15:57:09.128334 102bc4000 Options.compaction_options_universal.size_ratio: 1
2020/05/19-15:57:09.128336 102bc4000 Options.compaction_options_universal.min_merge_width: 2
2020/05/19-15:57:09.128338 102bc4000 Options.compaction_options_universal.max_merge_width: 4294967295
2020/05/19-15:57:09.128340 102bc4000 Options.compaction_options_universal.max_size_amplification_percent: 200
2020/05/19-15:57:09.128342 102bc4000 Options.compaction_options_universal.compression_size_percent: -1
2020/05/19-15:57:09.128344 102bc4000 Options.compaction_options_universal.stop_style: kCompactionStopStyleTotalSize
2020/05/19-15:57:09.128346 102bc4000 Options.compaction_options_fifo.max_table_files_size: 1073741824
2020/05/19-15:57:09.128348 102bc4000 Options.compaction_options_fifo.allow_compaction: 0
2020/05/19-15:57:09.128350 102bc4000                   Options.table_properties_collectors: 
2020/05/19-15:57:09.128352 102bc4000                   Options.inplace_update_support: 0
2020/05/19-15:57:09.128354 102bc4000                 Options.inplace_update_num_locks: 10000
2020/05/19-15:57:09.128361 102bc4000               Options.memtable_prefix_bloom_size_ratio: 0.000000
2020/05/19-15:57:09.128364 102bc4000               Options.memtable_whole_key_filtering: 0
2020/05/19-15:57:09.128366 102bc4000   Options.memtable_huge_page_size: 0
2020/05/19-15:57:09.128368 102bc4000                           Options.bloom_locality: 0
2020/05/19-15:57:09.128370 102bc4000                    Options.max_successive_merges: 0
2020/05/19-15:57:09.128372 102bc4000                Options.optimize_filters_for_hits: 0
2020/05/19-15:57:09.128374 102bc4000                Options.paranoid_file_checks: 0
2020/05/19-15:57:09.128376 102bc4000                Options.force_consistency_checks: 0
2020/05/19-15:57:09.128377 102bc4000                Options.report_bg_io_stats: 0
2020/05/19-15:57:09.128379 102bc4000                               Options.ttl: 0
2020/05/19-15:57:09.128381 102bc4000          Options.periodic_compaction_seconds: 0
2020/05/19-15:57:09.139372 102bc4000 [lumn_family.cc:481] --------------- Options for column family []:
2020/05/19-15:57:09.139384 102bc4000               Options.comparator: leveldb.BytewiseComparator
2020/05/19-15:57:09.139386 102bc4000           Options.merge_operator: None
2020/05/19-15:57:09.139388 102bc4000        Options.compaction_filter: None
2020/05/19-15:57:09.139390 102bc4000        Options.compaction_filter_factory: None
2020/05/19-15:57:09.139392 102bc4000         Options.memtable_factory: SkipListFactory
2020/05/19-15:57:09.139395 102bc4000            Options.table_factory: BlockBasedTable
2020/05/19-15:57:09.139421 102bc4000            table_factory options:   flush_block_policy_factory: FlushBlockBySizePolicyFactory (0x7f967bd2cb10)
  cache_index_and_filter_blocks: 0
  cache_index_and_filter_blocks_with_high_priority: 1
  pin_l0_filter_and_index_blocks_in_cache: 0
  pin_top_level_index_and_filter: 1
  index_type: 0
  data_block_index_type: 0
  index_shortening: 1
  data_block_hash_table_util_ratio: 0.750000
  hash_index_allow_collision: 1
  checksum: 1
  no_block_cache: 0
  block_cache: 0x7f967bd2f498
  block_cache_name: LRUCache
  block_cache_options:
    capacity : 8388608
    num_shard_bits : 4
    strict_capacity_limit : 0
    memory_allocator : None
    high_pri_pool_ratio: 0.000
  block_cache_compressed: 0x0
  persistent_cache: 0x0
  block_size: 4096
  block_size_deviation: 10
  block_restart_interval: 16
  index_block_restart_interval: 1
  metadata_block_size: 4096
  partition_filters: 0
  use_delta_encoding: 1
  filter_policy: nullptr
  whole_key_filtering: 1
  verify_compression: 0
  read_amp_bytes_per_bit: 0
  format_version: 2
  enable_index_compression: 1
  block_align: 0
2020/05/19-15:57:09.139424 102bc4000        Options.write_buffer_size: 67108864
2020/05/19-15:57:09.139426 102bc4000  Options.max_write_buffer_number: 2
2020/05/19-15:57:09.139428 102bc4000          Options.compression: Snappy
2020/05/19-15:57:09.139430 102bc4000                  Options.bottommost_compression: Disabled
2020/05/19-15:57:09.139432 102bc4000       Options.prefix_extractor: nullptr
2020/05/19-15:57:09.139433 102bc4000   Options.memtable_insert_with_hint_prefix_extractor: nullptr
2020/05/19-15:57:09.139435 102bc4000             Options.num_levels: 7
2020/05/19-15:57:09.139437 102bc4000        Options.min_write_buffer_number_to_merge: 1
2020/05/19-15:57:09.139439 102bc4000     Options.max_write_buffer_number_to_maintain: 2
2020/05/19-15:57:09.139463 102bc4000            Options.bottommost_compression_opts.window_bits: -14
2020/05/19-15:57:09.139480 102bc4000                  Options.bottommost_compression_opts.level: 32767
2020/05/19-15:57:09.139482 102bc4000               Options.bottommost_compression_opts.strategy: 0
2020/05/19-15:57:09.139484 102bc4000         Options.bottommost_compression_opts.max_dict_bytes: 0
2020/05/19-15:57:09.139486 102bc4000         Options.bottommost_compression_opts.zstd_max_train_bytes: 0
2020/05/19-15:57:09.139488 102bc4000                  Options.bottommost_compression_opts.enabled: false
2020/05/19-15:57:09.139490 102bc4000            Options.compression_opts.window_bits: -14
2020/05/19-15:57:09.139491 102bc4000                  Options.compression_opts.level: 32767
2020/05/19-15:57:09.139493 102bc4000               Options.compression_opts.strategy: 0
2020/05/19-15:57:09.139495 102bc4000         Options.compression_opts.max_dict_bytes: 0
2020/05/19-15:57:09.139497 102bc4000         Options.compression_opts.zstd_max_train_bytes: 0
2020/05/19-15:57:09.139498 102bc4000                  Options.compression_opts.enabled: false
2020/05/19-15:57:09.139500 102bc4000      Options.level0_file_num_compaction_trigger: 4
2020/05/19-15:57:09.139502 102bc4000          Options.level0_slowdown_writes_trigger: 20
2020/05/19-15:57:09.139506 102bc4000              Options.level0_stop_writes_trigger: 36
2020/05/19-15:57:09.139507 102bc4000                   Options.target_file_size_base: 67108864
2020/05/19-15:57:09.139509 102bc4000             Options.target_file_size_multiplier: 1
2020/05/19-15:57:09.147238 102bc4000                Options.max_bytes_for_level_base: 268435456
2020/05/19-15:57:09.147247 102bc4000                      Options.snap_refresh_nanos: 0
2020/05/19-15:57:09.147250 102bc4000 Options.level_compaction_dynamic_level_bytes: 0
2020/05/19-15:57:09.147252 102bc4000          Options.max_bytes_for_level_multiplier: 10.000000
2020/05/19-15:57:09.147257 102bc4000 Options.max_bytes_for_level_multiplier_addtl[0]: 1
2020/05/19-15:57:09.147259 102bc4000 Options.max_bytes_for_level_multiplier_addtl[1]: 1
2020/05/19-15:57:09.147261 102bc4000 Options.max_bytes_for_level_multiplier_addtl[2]: 1
2020/05/19-15:57:09.147263 102bc4000 Options.max_bytes_for_level_multiplier_addtl[3]: 1
2020/05/19-15:57:09.147265 102bc4000 Options.max_bytes_for_level_multiplier_addtl[4]: 1
2020/05/19-15:57:09.147267 102bc4000 Options.max_bytes_for_level_multiplier_addtl[5]: 1
2020/05/19-15:57:09.147268 102bc4000 Options.max_bytes_for_level_multiplier_addtl[6]: 1
2020/05/19-15:57:09.147270 102bc4000       Options.max_sequential_skip_in_iterations: 8
2020/05/19-15:57:09.147272 102bc4000                    Options.max_compaction_bytes: 1677721600
2020/05/19-15:57:09.147274 102bc4000                        Options.arena_block_size: 8388608
2020/05/19-15:57:09.147276 102bc4000   Options.soft_pending_compaction_bytes_limit: 68719476736
2020/05/19-15:57:09.147278 102bc4000   Options.hard_pending_compaction_bytes_limit: 274877906944
2020/05/19-15:57:09.147279 102bc4000       Options.rate_limit_delay_max_milliseconds: 100
2020/05/19-15:57:09.147281 102bc4000                Options.disable_auto_compactions: 1
2020/05/19-15:57:09.147285 102bc4000                        Options.compaction_style: kCompactionStyleLevel
2020/05/19-15:57:09.147287 102bc4000                          Options.compaction_pri: kMinOverlappingRatio
2020/05/19-15:57:09.147289 102bc4000 Options.compaction_options_universal.size_ratio: 1
2020/05/19-15:57:09.147291 102bc4000 Options.compaction_options_universal.min_merge_width: 2
2020/05/19-15:57:09.147292 102bc4000 Options.compaction_options_universal.max_merge_width: 4294967295
2020/05/19-15:57:09.147294 102bc4000 Options.compaction_options_universal.max_size_amplification_percent: 200
2020/05/19-15:57:09.147296 102bc4000 Options.compaction_options_universal.compression_size_percent: -1
2020/05/19-15:57:09.147300 102bc4000 Options.compaction_options_universal.stop_style: kCompactionStopStyleTotalSize
2020/05/19-15:57:09.147302 102bc4000 Options.compaction_options_fifo.max_table_files_size: 1073741824
2020/05/19-15:57:09.147304 102bc4000 Options.compaction_options_fifo.allow_compaction: 0
2020/05/19-15:57:09.147305 102bc4000                   Options.table_properties_collectors: 
2020/05/19-15:57:09.147307 102bc4000                   Options.inplace_update_support: 0
2020/05/19-15:57:09.147309 102bc4000                 Options.inplace_update_num_locks: 10000
2020/05/19-15:57:09.147311 102bc4000               Options.memtable_prefix_bloom_size_ratio: 0.000000
2020/05/19-15:57:09.147313 102bc4000               Options.memtable_whole_key_filtering: 0
2020/05/19-15:57:09.147315 102bc4000   Options.memtable_huge_page_size: 0
2020/05/19-15:57:09.147317 102bc4000                           Options.bloom_locality: 0
2020/05/19-15:57:09.147319 102bc4000                    Options.max_successive_merges: 0
2020/05/19-15:57:09.148207 102bc4000                Options.optimize_filters_for_hits: 0
2020/05/19-15:57:09.148212 102bc4000                Options.paranoid_file_checks: 0
2020/05/19-15:57:09.148214 102bc4000                Options.force_consistency_checks: 0
2020/05/19-15:57:09.148216 102bc4000                Options.report_bg_io_stats: 0
2020/05/19-15:57:09.148217 102bc4000                               Options.ttl: 0
2020/05/19-15:57:09.148219 102bc4000          Options.periodic_compaction_seconds: 0
2020/05/19-15:57:09.148310 102bc4000 [lumn_family.cc:481] --------------- Options for column family []:
2020/05/19-15:57:09.148314 102bc4000               Options.comparator: leveldb.BytewiseComparator
2020/05/19-15:57:09.148316 102bc4000           Options.merge_operator: None
2020/05/19-15:57:09.148318 102bc4000        Options.compaction_filter: None
2020/05/19-15:57:09.148320 102bc4000        Options.compaction_filter_factory: None
2020/05/19-15:57:09.148322 102bc4000         Options.memtable_factory: SkipListFactory
2020/05/19-15:57:09.148324 102bc4000            Options.table_factory: BlockBasedTable
2020/05/19-15:57:09.148349 102bc4000            table_factory options:   flush_block_policy_factory: FlushBlockBySizePolicyFactory (0x7f967bd2fd40)
  cache_index_and_filter_blocks: 0
  cache_index_and_filter_blocks_with_high_priority: 1
  pin_l0_filter_and_index_blocks_in_cache: 0
  pin_top_level_index_and_filter: 1
  index_type: 0
  data_block_index_type: 0
  index_shortening: 1
  data_block_hash_table_util_ratio: 0.750000
  hash_index_allow_collision: 1
  checksum: 1
  no_block_cache: 0
  block_cache: 0x7f967bd2fd88
  block_cache_name: LRUCache
  block_cache_options:
    capacity : 8388608
    num_shard_bits : 4
    strict_capacity_limit : 0
    memory_allocator : None
    high_pri_pool_ratio: 0.000
  block_cache_compressed: 0x0
  persistent_cache: 0x0
  block_size: 4096
  block_size_deviation: 10
  block_restart_interval: 16
  index_block_restart_interval: 1
  metadata_block_size: 4096
  partition_filters: 0
  use_delta_encoding: 1
  filter_policy: nullptr
  whole_key_filtering: 1
  verify_compression: 0
  read_amp_bytes_per_bit: 0
  format_version: 2
  enable_index_compression: 1
  block_align: 0
2020/05/19-15:57:09.148352 102bc4000        Options.write_buffer_size: 67108864
2020/05/19-15:57:09.148354 102bc4000  Options.max_write_buffer_number: 2
2020/05/19-15:57:09.148356 102bc4000          Options.compression: Snappy
2020/05/19-15:57:09.148358 102bc4000                  Options.bottommost_compression: Disabled
2020/05/19-15:57:09.148360 102bc4000       Options.prefix_extractor: nullptr
2020/05/19-15:57:09.148361 102bc4000   Options.memtable_insert_with_hint_prefix_extractor: nullptr
2020/05/19-15:57:09.148363 102bc4000             Options.num_levels: 7
2020/05/19-15:57:09.148365 102bc4000        Options.min_write_buffer_number_to_merge: 1
2020/05/19-15:57:09.148366 102bc4000     Options.max_write_buffer_number_to_maintain: 2
2020/05/19-15:57:09.148368 102bc4000            Options.bottommost_compression_opts.window_bits: -14
2020/05/19-15:57:09.148370 102bc4000                  Options.bottommost_compression_opts.level: 32767
2020/05/19-15:57:09.148372 102bc4000               Options.bottommost_compression_opts.strategy: 0
2020/05/19-15:57:09.148374 102bc4000         Options.bottommost_compression_opts.max_dict_bytes: 0
2020/05/19-15:57:09.148376 102bc4000         Options.bottommost_compression_opts.zstd_max_train_bytes: 0
2020/05/19-15:57:09.148377 102bc4000                  Options.bottommost_compression_opts.enabled: false
2020/05/19-15:57:09.148379 102bc4000            Options.compression_opts.window_bits: -14
2020/05/19-15:57:09.148381 102bc4000                  Options.compression_opts.level: 32767
2020/05/19-15:57:09.148383 102bc4000               Options.compression_opts.strategy: 0
2020/05/19-15:57:09.148384 102bc4000         Options.compression_opts.max_dict_bytes: 0
2020/05/19-15:57:09.148386 102bc4000         Options.compression_opts.zstd_max_train_bytes: 0
2020/05/19-15:57:09.148388 102bc4000                  Options.compression_opts.enabled: false
2020/05/19-15:57:09.148389 102bc4000      Options.level0_file_num_compaction_trigger: 4
2020/05/19-15:57:09.148391 102bc4000          Options.level0_slowdown_writes_trigger: 20
2020/05/19-15:57:09.148393 102bc4000              Options.level0_stop_writes_trigger: 36
2020/05/19-15:57:09.148394 102bc4000                   Options.target_file_size_base: 67108864
2020/05/19-15:57:09.148396 102bc4000             Options.target_file_size_multiplier: 1
2020/05/19-15:57:09.148398 102bc4000                Options.max_bytes_for_level_base: 268435456
2020/05/19-15:57:09.148399 102bc4000                      Options.snap_refresh_nanos: 0
2020/05/19-15:57:09.148401 102bc4000 Options.level_compaction_dynamic_level_bytes: 0
2020/05/19-15:57:09.148403 102bc4000          Options.max_bytes_for_level_multiplier: 10.000000
2020/05/19-15:57:09.148405 102bc4000 Options.max_bytes_for_level_multiplier_addtl[0]: 1
2020/05/19-15:57:09.148407 102bc4000 Options.max_bytes_for_level_multiplier_addtl[1]: 1
2020/05/19-15:57:09.148409 102bc4000 Options.max_bytes_for_level_multiplier_addtl[2]: 1
2020/05/19-15:57:09.148411 102bc4000 Options.max_bytes_for_level_multiplier_addtl[3]: 1
2020/05/19-15:57:09.148412 102bc4000 Options.max_bytes_for_level_multiplier_addtl[4]: 1
2020/05/19-15:57:09.148414 102bc4000 Options.max_bytes_for_level_multiplier_addtl[5]: 1
2020/05/19-15:57:09.148416 102bc4000 Options.max_bytes_for_level_multiplier_addtl[6]: 1
2020/05/19-15:57:09.148417 102bc4000       Options.max_sequential_skip_in_iterations: 8
2020/05/19-15:57:09.148419 102bc4000                    Options.max_compaction_bytes: 1677721600
2020/05/19-15:57:09.148421 102bc4000                        Options.arena_block_size: 8388608
2020/05/19-15:57:09.148423 102bc4000   Options.soft_pending_compaction_bytes_limit: 68719476736
2020/05/19-15:57:09.148425 102bc4000   Options.hard_pending_compaction_bytes_limit: 274877906944
2020/05/19-15:57:09.148427 102bc4000       Options.rate_limit_delay_max_milliseconds: 100
2020/05/19-15:57:09.148428 102bc4000                Options.disable_auto_compactions: 1
2020/05/19-15:57:09.148431 102bc4000                        Options.compaction_style: kCompactionStyleLevel
2020/05/19-15:57:09.148434 102bc4000                          Options.compaction_pri: kMinOverlappingRatio
2020/05/19-15:57:09.148436 102bc4000 Options.compaction_options_universal.size_ratio: 1
2020/05/19-15:57:09.148438 102bc4000 Options.compaction_options_universal.min_merge_width: 2
2020/05/19-15:57:09.148440 102bc4000 Options.compaction_options_universal.max_merge_width: 4294967295
2020/05/19-15:57:09.148442 102bc4000 Options.compaction_options_universal.max_size_amplification_percent: 200
2020/05/19-15:57:09.148444 102bc4000 Options.compaction_options_universal.compression_size_percent: -1
2020/05/19-15:57:09.148446 102bc4000 Options.compaction_options_universal.stop_style: kCompactionStopStyleTotalSize
2020/05/19-15:57:09.148448 102bc4000 Options.compaction_options_fifo.max_table_files_size: 1073741824
2020/05/19-15:57:09.148450 102bc4000 Options.compaction_options_fifo.allow_compaction: 0
2020/05/19-15:57:09.148452 102bc4000                   Options.table_properties_collectors: 
2020/05/19-15:57:09.148453 102bc4000                   Options.inplace_update_support: 0
2020/05/19-15:57:09.148455 102bc4000                 Options.inplace_update_num_locks: 10000
2020/05/19-15:57:09.148457 102bc4000               Options.memtable_prefix_bloom_size_ratio: 0.000000
2020/05/19-15:57:09.148459 102bc4000               Options.memtable_whole_key_filtering: 0
2020/05/19-15:57:09.148461 102bc4000   Options.memtable_huge_page_size: 0
2020/05/19-15:57:09.148462 102bc4000                           Options.bloom_locality: 0
2020/05/19-15:57:09.148464 102bc4000                    Options.max_successive_merges: 0
2020/05/19-15:57:09.148466 102bc4000                Options.optimize_filters_for_hits: 0
2020/05/19-15:57:09.148468 102bc4000                Options.paranoid_file_checks: 0
2020/05/19-15:57:09.148469 102bc4000                Options.force_consistency_checks: 0
2020/05/19-15:57:09.148471 102bc4000                Options.report_bg_io_stats: 0
2020/05/19-15:57:09.148473 102bc4000                               Options.ttl: 0
2020/05/19-15:57:09.148475 102bc4000          Options.periodic_compaction_seconds: 0
2020/05/19-15:57:09.148526 102bc4000 [lumn_family.cc:481] --------------- Options for column family []:
2020/05/19-15:57:09.148530 102bc4000               Options.comparator: leveldb.BytewiseComparator
2020/05/19-15:57:09.148532 102bc4000           Options.merge_operator: None
2020/05/19-15:57:09.148534 102bc4000        Options.compaction_filter: None
2020/05/19-15:57:09.148536 102bc4000        Options.compaction_filter_factory: None
2020/05/19-15:57:09.148537 102bc4000         Options.memtable_factory: SkipListFactory
2020/05/19-15:57:09.148539 102bc4000            Options.table_factory: BlockBasedTable
2020/05/19-15:57:09.148566 102bc4000            table_factory options:   flush_block_policy_factory: FlushBlockBySizePolicyFactory (0x7f967bd30f00)
  cache_index_and_filter_blocks: 0
  cache_index_and_filter_blocks_with_high_priority: 1
  pin_l0_filter_and_index_blocks_in_cache: 0
  pin_top_level_index_and_filter: 1
  index_type: 0
  data_block_index_type: 0
  index_shortening: 1
  data_block_hash_table_util_ratio: 0.750000
  hash_index_allow_collision: 1
  checksum: 1
  no_block_cache: 0
  block_cache: 0x7f967bd30f48
  block_cache_name: LRUCache
  block_cache_options:
    capacity : 8388608
    num_shard_bits : 4
    strict_capacity_limit : 0
    memory_allocator : None
    high_pri_pool_ratio: 0.000
  block_cache_compressed: 0x0
  persistent_cache: 0x0
  block_size: 4096
  block_size_deviation: 10
  block_restart_interval: 16
  index_block_restart_interval: 1
  metadata_block_size: 4096
  partition_filters: 0
  use_delta_encoding: 1
  filter_policy: nullptr
  whole_key_filtering: 1
  verify_compression: 0
  read_amp_bytes_per_bit: 0
  format_version: 2
  enable_index_compression: 1
  block_align: 0
2020/05/19-15:57:09.148571 102bc4000        Options.write_buffer_size: 67108864
2020/05/19-15:57:09.148573 102bc4000  Options.max_write_buffer_number: 2
2020/05/19-15:57:09.148574 102bc4000          Options.compression: Snappy
2020/05/19-15:57:09.148576 102bc4000                  Options.bottommost_compression: Disabled
2020/05/19-15:57:09.148578 102bc4000       Options.prefix_extractor: nullptr
2020/05/19-15:57:09.148580 102bc4000   Options.memtable_insert_with_hint_prefix_extractor: nullptr
2020/05/19-15:57:09.148582 102bc4000             Options.num_levels: 7
2020/05/19-15:57:09.148584 102bc4000        Options.min_write_buffer_number_to_merge: 1
2020/05/19-15:57:09.148586 102bc4000     Options.max_write_buffer_number_to_maintain: 2
2020/05/19-15:57:09.148587 102bc4000            Options.bottommost_compression_opts.window_bits: -14
2020/05/19-15:57:09.148589 102bc4000                  Options.bottommost_compression_opts.level: 32767
2020/05/19-15:57:09.148591 102bc4000               Options.bottommost_compression_opts.strategy: 0
2020/05/19-15:57:09.148593 102bc4000         Options.bottommost_compression_opts.max_dict_bytes: 0
2020/05/19-15:57:09.148595 102bc4000         Options.bottommost_compression_opts.zstd_max_train_bytes: 0
2020/05/19-15:57:09.148597 102bc4000                  Options.bottommost_compression_opts.enabled: false
2020/05/19-15:57:09.148598 102bc4000            Options.compression_opts.window_bits: -14
2020/05/19-15:57:09.148600 102bc4000                  Options.compression_opts.level: 32767
2020/05/19-15:57:09.148602 102bc4000               Options.compression_opts.strategy: 0
2020/05/19-15:57:09.148604 102bc4000         Options.compression_opts.max_dict_bytes: 0
2020/05/19-15:57:09.148605 102bc4000         Options.compression_opts.zstd_max_train_bytes: 0
2020/05/19-15:57:09.148607 102bc4000                  Options.compression_opts.enabled: false
2020/05/19-15:57:09.148609 102bc4000      Options.level0_file_num_compaction_trigger: 4
2020/05/19-15:57:09.148610 102bc4000          Options.level0_slowdown_writes_trigger: 20
2020/05/19-15:57:09.148612 102bc4000              Options.level0_stop_writes_trigger: 36
2020/05/19-15:57:09.148614 102bc4000                   Options.target_file_size_base: 67108864
2020/05/19-15:57:09.148615 102bc4000             Options.target_file_size_multiplier: 1
2020/05/19-15:57:09.148617 102bc4000                Options.max_bytes_for_level_base: 268435456
2020/05/19-15:57:09.148619 102bc4000                      Options.snap_refresh_nanos: 0
2020/05/19-15:57:09.148620 102bc4000 Options.level_compaction_dynamic_level_bytes: 0
2020/05/19-15:57:09.148622 102bc4000          Options.max_bytes_for_level_multiplier: 10.000000
2020/05/19-15:57:09.148624 102bc4000 Options.max_bytes_for_level_multiplier_addtl[0]: 1
2020/05/19-15:57:09.148626 102bc4000 Options.max_bytes_for_level_multiplier_addtl[1]: 1
2020/05/19-15:57:09.148628 102bc4000 Options.max_bytes_for_level_multiplier_addtl[2]: 1
2020/05/19-15:57:09.148630 102bc4000 Options.max_bytes_for_level_multiplier_addtl[3]: 1
2020/05/19-15:57:09.148631 102bc4000 Options.max_bytes_for_level_multiplier_addtl[4]: 1
2020/05/19-15:57:09.148633 102bc4000 Options.max_bytes_for_level_multiplier_addtl[5]: 1
2020/05/19-15:57:09.148635 102bc4000 Options.max_bytes_for_level_multiplier_addtl[6]: 1
2020/05/19-15:57:09.148637 102bc4000       Options.max_sequential_skip_in_iterations: 8
2020/05/19-15:57:09.148638 102bc4000                    Options.max_compaction_bytes: 1677721600
2020/05/19-15:57:09.148640 102bc4000                        Options.arena_block_size: 8388608
2020/05/19-15:57:09.148642 102bc4000   Options.soft_pending_compaction_bytes_limit: 68719476736
2020/05/19-15:57:09.148643 102bc4000   Options.hard_pending_compaction_bytes_limit: 274877906944
2020/05/19-15:57:09.148645 102bc4000       Options.rate_limit_delay_max_milliseconds: 100
2020/05/19-15:57:09.148647 102bc4000                Options.disable_auto_compactions: 1
2020/05/19-15:57:09.148649 102bc4000                        Options.compaction_style: kCompactionStyleLevel
2020/05/19-15:57:09.148651 102bc4000                          Options.compaction_pri: kMinOverlappingRatio
2020/05/19-15:57:09.148653 102bc4000 Options.compaction_options_universal.size_ratio: 1
2020/05/19-15:57:09.148655 102bc4000 Options.compaction_options_universal.min_merge_width: 2
2020/05/19-15:57:09.148657 102bc4000 Options.compaction_options_universal.max_merge_width: 4294967295
2020/05/19-15:57:09.148658 102bc4000 Options.compaction_options_universal.max_size_amplification_percent: 200
2020/05/19-15:57:09.148660 102bc4000 Options.compaction_options_universal.compression_size_percent: -1
2020/05/19-15:57:09.148662 102bc4000 Options.compaction_options_universal.stop_style: kCompactionStopStyleTotalSize
2020/05/19-15:57:09.148664 102bc4000 Options.compaction_options_fifo.max_table_files_size: 1073741824
2020/05/19-15:57:09.148666 102bc4000 Options.compaction_options_fifo.allow_compaction: 0
2020/05/19-15:57:09.148668 102bc4000                   Options.table_properties_collectors: 
2020/05/19-15:57:09.148670 102bc4000                   Options.inplace_update_support: 0
2020/05/19-15:57:09.148672 102bc4000                 Options.inplace_update_num_locks: 10000
2020/05/19-15:57:09.148674 102bc4000               Options.memtable_prefix_bloom_size_ratio: 0.000000
2020/05/19-15:57:09.148676 102bc4000               Options.memtable_whole_key_filtering: 0
2020/05/19-15:57:09.148678 102bc4000   Options.memtable_huge_page_size: 0
2020/05/19-15:57:09.148679 102bc4000                           Options.bloom_locality: 0
2020/05/19-15:57:09.148681 102bc4000                    Options.max_successive_merges: 0
2020/05/19-15:57:09.148683 102bc4000                Options.optimize_filters_for_hits: 0
2020/05/19-15:57:09.148685 102bc4000                Options.paranoid_file_checks: 0
2020/05/19-15:57:09.148687 102bc4000                Options.force_consistency_checks: 0
2020/05/19-15:57:09.148689 102bc4000                Options.report_bg_io_stats: 0
