2020/04/09-16:20:50.511378 101d4a000 RocksDB version: 6.4.6
2020/04/09-16:20:50.511492 101d4a000 Git sha rocksdb_build_git_sha:e3169e3ea8762d2f34880742106858a23c8dc8b7
2020/04/09-16:20:50.511499 101d4a000 Compile date Nov 24 2019
2020/04/09-16:20:50.511505 101d4a000 DB SUMMARY
2020/04/09-16:20:50.511676 101d4a000 CURRENT file:  CURRENT
2020/04/09-16:20:50.511681 101d4a000 IDENTITY file:  IDENTITY
2020/04/09-16:20:50.511692 101d4a000 MANIFEST file:  MANIFEST-000098 size: 839 Bytes
2020/04/09-16:20:50.511696 101d4a000 SST files in /Users/Happpyyyyyyy/besu Project/Personal_code/IBFT-Network/Node-3/data/database dir, Total Num: 4, files: 000086.sst 000089.sst 000099.sst 000100.sst 
2020/04/09-16:20:50.511699 101d4a000 Write Ahead Log file in /Users/Happpyyyyyyy/besu Project/Personal_code/IBFT-Network/Node-3/data/database: 000003.log size: 18644 ; 000031.log size: 57975 ; 000048.log size: 43315 ; 000065.log size: 95849 ; 000082.log size: 25028 ; 000101.log size: 10376 ; 
2020/04/09-16:20:50.511703 101d4a000                         Options.error_if_exists: 0
2020/04/09-16:20:50.511709 101d4a000                       Options.create_if_missing: 1
2020/04/09-16:20:50.511711 101d4a000                         Options.paranoid_checks: 1
2020/04/09-16:20:50.511713 101d4a000                                     Options.env: 0x1251210d0
2020/04/09-16:20:50.511715 101d4a000                                Options.info_log: 0x7fd4d0c49110
2020/04/09-16:20:50.511717 101d4a000                Options.max_file_opening_threads: 16
2020/04/09-16:20:50.511718 101d4a000                              Options.statistics: 0x7fd4d0d29b40
2020/04/09-16:20:50.511720 101d4a000                               Options.use_fsync: 0
2020/04/09-16:20:50.511725 101d4a000                       Options.max_log_file_size: 0
2020/04/09-16:20:50.511727 101d4a000                  Options.max_manifest_file_size: 1073741824
2020/04/09-16:20:50.511729 101d4a000                   Options.log_file_time_to_roll: 0
2020/04/09-16:20:50.511731 101d4a000                       Options.keep_log_file_num: 1000
2020/04/09-16:20:50.511732 101d4a000                    Options.recycle_log_file_num: 0
2020/04/09-16:20:50.511734 101d4a000                         Options.allow_fallocate: 1
2020/04/09-16:20:50.511736 101d4a000                        Options.allow_mmap_reads: 0
2020/04/09-16:20:50.511738 101d4a000                       Options.allow_mmap_writes: 0
2020/04/09-16:20:50.511740 101d4a000                        Options.use_direct_reads: 0
2020/04/09-16:20:50.511741 101d4a000                        Options.use_direct_io_for_flush_and_compaction: 0
2020/04/09-16:20:50.511743 101d4a000          Options.create_missing_column_families: 1
2020/04/09-16:20:50.511745 101d4a000                              Options.db_log_dir: 
2020/04/09-16:20:50.511747 101d4a000                                 Options.wal_dir: /Users/Happpyyyyyyy/besu Project/Personal_code/IBFT-Network/Node-3/data/database
2020/04/09-16:20:50.511748 101d4a000                Options.table_cache_numshardbits: 6
2020/04/09-16:20:50.511750 101d4a000                      Options.max_subcompactions: 1
2020/04/09-16:20:50.511752 101d4a000                  Options.max_background_flushes: -1
2020/04/09-16:20:50.511753 101d4a000                         Options.WAL_ttl_seconds: 0
2020/04/09-16:20:50.511755 101d4a000                       Options.WAL_size_limit_MB: 0
2020/04/09-16:20:50.511757 101d4a000             Options.manifest_preallocation_size: 4194304
2020/04/09-16:20:50.511758 101d4a000                     Options.is_fd_close_on_exec: 1
2020/04/09-16:20:50.511760 101d4a000                   Options.advise_random_on_open: 1
2020/04/09-16:20:50.511762 101d4a000                    Options.db_write_buffer_size: 0
2020/04/09-16:20:50.511763 101d4a000                    Options.write_buffer_manager: 0x7fd4d0c490b0
2020/04/09-16:20:50.511765 101d4a000         Options.access_hint_on_compaction_start: 1
2020/04/09-16:20:50.511767 101d4a000  Options.new_table_reader_for_compaction_inputs: 0
2020/04/09-16:20:50.511768 101d4a000           Options.random_access_max_buffer_size: 1048576
2020/04/09-16:20:50.511770 101d4a000                      Options.use_adaptive_mutex: 0
2020/04/09-16:20:50.511772 101d4a000                            Options.rate_limiter: 0x0
2020/04/09-16:20:50.511774 101d4a000     Options.sst_file_manager.rate_bytes_per_sec: 0
2020/04/09-16:20:50.511775 101d4a000                       Options.wal_recovery_mode: 2
2020/04/09-16:20:50.511777 101d4a000                  Options.enable_thread_tracking: 0
2020/04/09-16:20:50.511779 101d4a000                  Options.enable_pipelined_write: 0
2020/04/09-16:20:50.511780 101d4a000                  Options.unordered_write: 0
2020/04/09-16:20:50.511782 101d4a000         Options.allow_concurrent_memtable_write: 1
2020/04/09-16:20:50.511784 101d4a000      Options.enable_write_thread_adaptive_yield: 1
2020/04/09-16:20:50.511785 101d4a000             Options.write_thread_max_yield_usec: 100
2020/04/09-16:20:50.511787 101d4a000            Options.write_thread_slow_yield_usec: 3
2020/04/09-16:20:50.511789 101d4a000                               Options.row_cache: None
2020/04/09-16:20:50.511791 101d4a000                              Options.wal_filter: None
2020/04/09-16:20:50.511792 101d4a000             Options.avoid_flush_during_recovery: 0
2020/04/09-16:20:50.511794 101d4a000             Options.allow_ingest_behind: 0
2020/04/09-16:20:50.511795 101d4a000             Options.preserve_deletes: 0
2020/04/09-16:20:50.511797 101d4a000             Options.two_write_queues: 0
2020/04/09-16:20:50.511799 101d4a000             Options.manual_wal_flush: 0
2020/04/09-16:20:50.511800 101d4a000             Options.atomic_flush: 0
2020/04/09-16:20:50.511802 101d4a000             Options.avoid_unnecessary_blocking_io: 0
2020/04/09-16:20:50.511804 101d4a000                 Options.persist_stats_to_disk: 0
2020/04/09-16:20:50.511805 101d4a000                 Options.log_readahead_size: 0
2020/04/09-16:20:50.511807 101d4a000             Options.max_background_jobs: 2
2020/04/09-16:20:50.511809 101d4a000             Options.max_background_compactions: 4
2020/04/09-16:20:50.511810 101d4a000             Options.avoid_flush_during_shutdown: 0
2020/04/09-16:20:50.511812 101d4a000           Options.writable_file_max_buffer_size: 1048576
2020/04/09-16:20:50.511814 101d4a000             Options.delayed_write_rate : 16777216
2020/04/09-16:20:50.511816 101d4a000             Options.max_total_wal_size: 0
2020/04/09-16:20:50.511817 101d4a000             Options.delete_obsolete_files_period_micros: 21600000000
2020/04/09-16:20:50.511819 101d4a000                   Options.stats_dump_period_sec: 600
2020/04/09-16:20:50.511821 101d4a000                 Options.stats_persist_period_sec: 600
2020/04/09-16:20:50.511823 101d4a000                 Options.stats_history_buffer_size: 1048576
2020/04/09-16:20:50.511824 101d4a000                          Options.max_open_files: 1024
2020/04/09-16:20:50.511826 101d4a000                          Options.bytes_per_sync: 0
2020/04/09-16:20:50.511828 101d4a000                      Options.wal_bytes_per_sync: 0
2020/04/09-16:20:50.511829 101d4a000                   Options.strict_bytes_per_sync: 0
2020/04/09-16:20:50.511831 101d4a000       Options.compaction_readahead_size: 0
2020/04/09-16:20:50.511833 101d4a000 Compression algorithms supported:
2020/04/09-16:20:50.511839 101d4a000 	kZSTD supported: 1
2020/04/09-16:20:50.511842 101d4a000 	kZlibCompression supported: 1
2020/04/09-16:20:50.511844 101d4a000 	kXpressCompression supported: 0
2020/04/09-16:20:50.511846 101d4a000 	kSnappyCompression supported: 1
2020/04/09-16:20:50.511848 101d4a000 	kZSTDNotFinalCompression supported: 1
2020/04/09-16:20:50.511850 101d4a000 	kLZ4HCCompression supported: 1
2020/04/09-16:20:50.511851 101d4a000 	kLZ4Compression supported: 1
2020/04/09-16:20:50.511853 101d4a000 	kBZip2Compression supported: 1
2020/04/09-16:20:50.511861 101d4a000 Fast CRC32 supported: Not supported on x86
2020/04/09-16:20:50.512163 101d4a000 [rsion_set.cc:4252] Recovering from manifest file: /Users/Happpyyyyyyy/besu Project/Personal_code/IBFT-Network/Node-3/data/database/MANIFEST-000098
2020/04/09-16:20:50.512252 101d4a000 [lumn_family.cc:481] --------------- Options for column family [default]:
2020/04/09-16:20:50.512256 101d4a000               Options.comparator: leveldb.BytewiseComparator
2020/04/09-16:20:50.512258 101d4a000           Options.merge_operator: None
2020/04/09-16:20:50.512260 101d4a000        Options.compaction_filter: None
2020/04/09-16:20:50.512262 101d4a000        Options.compaction_filter_factory: None
2020/04/09-16:20:50.512264 101d4a000         Options.memtable_factory: SkipListFactory
2020/04/09-16:20:50.512265 101d4a000            Options.table_factory: BlockBasedTable
2020/04/09-16:20:50.512296 101d4a000            table_factory options:   flush_block_policy_factory: FlushBlockBySizePolicyFactory (0x7fd4d0d2aa60)
  cache_index_and_filter_blocks: 0
  cache_index_and_filter_blocks_with_high_priority: 0
  pin_l0_filter_and_index_blocks_in_cache: 0
  pin_top_level_index_and_filter: 1
  index_type: 0
  data_block_index_type: 0
  index_shortening: 1
  data_block_hash_table_util_ratio: 0.750000
  hash_index_allow_collision: 1
  checksum: 1
  no_block_cache: 0
  block_cache: 0x7fd4d0d2a2c8
  block_cache_name: LRUCache
  block_cache_options:
    capacity : 8388608
    num_shard_bits : 4
    strict_capacity_limit : 0
    memory_allocator : None
    high_pri_pool_ratio: 0.000
  block_cache_compressed: 0x0
  persistent_cache: 0x0
  block_size: 4096
  block_size_deviation: 10
  block_restart_interval: 16
  index_block_restart_interval: 1
  metadata_block_size: 4096
  partition_filters: 0
  use_delta_encoding: 1
  filter_policy: nullptr
  whole_key_filtering: 1
  verify_compression: 1
  read_amp_bytes_per_bit: 0
  format_version: 2
  enable_index_compression: 1
  block_align: 0
2020/04/09-16:20:50.512299 101d4a000        Options.write_buffer_size: 67108864
2020/04/09-16:20:50.512303 101d4a000  Options.max_write_buffer_number: 2
2020/04/09-16:20:50.512305 101d4a000          Options.compression: Snappy
2020/04/09-16:20:50.512307 101d4a000                  Options.bottommost_compression: Disabled
2020/04/09-16:20:50.512309 101d4a000       Options.prefix_extractor: nullptr
2020/04/09-16:20:50.512311 101d4a000   Options.memtable_insert_with_hint_prefix_extractor: nullptr
2020/04/09-16:20:50.512313 101d4a000             Options.num_levels: 7
2020/04/09-16:20:50.512315 101d4a000        Options.min_write_buffer_number_to_merge: 1
2020/04/09-16:20:50.512316 101d4a000     Options.max_write_buffer_number_to_maintain: 2
2020/04/09-16:20:50.512318 101d4a000            Options.bottommost_compression_opts.window_bits: -14
2020/04/09-16:20:50.512320 101d4a000                  Options.bottommost_compression_opts.level: 32767
2020/04/09-16:20:50.512325 101d4a000               Options.bottommost_compression_opts.strategy: 0
2020/04/09-16:20:50.512327 101d4a000         Options.bottommost_compression_opts.max_dict_bytes: 0
2020/04/09-16:20:50.512329 101d4a000         Options.bottommost_compression_opts.zstd_max_train_bytes: 0
2020/04/09-16:20:50.512331 101d4a000                  Options.bottommost_compression_opts.enabled: false
2020/04/09-16:20:50.512333 101d4a000            Options.compression_opts.window_bits: -14
2020/04/09-16:20:50.512334 101d4a000                  Options.compression_opts.level: 32767
2020/04/09-16:20:50.512336 101d4a000               Options.compression_opts.strategy: 0
2020/04/09-16:20:50.512338 101d4a000         Options.compression_opts.max_dict_bytes: 0
2020/04/09-16:20:50.512339 101d4a000         Options.compression_opts.zstd_max_train_bytes: 0
2020/04/09-16:20:50.512341 101d4a000                  Options.compression_opts.enabled: false
2020/04/09-16:20:50.512343 101d4a000      Options.level0_file_num_compaction_trigger: 4
2020/04/09-16:20:50.512344 101d4a000          Options.level0_slowdown_writes_trigger: 20
2020/04/09-16:20:50.512346 101d4a000              Options.level0_stop_writes_trigger: 36
2020/04/09-16:20:50.512347 101d4a000                   Options.target_file_size_base: 67108864
2020/04/09-16:20:50.512349 101d4a000             Options.target_file_size_multiplier: 1
2020/04/09-16:20:50.512351 101d4a000                Options.max_bytes_for_level_base: 268435456
2020/04/09-16:20:50.512352 101d4a000                      Options.snap_refresh_nanos: 0
2020/04/09-16:20:50.512354 101d4a000 Options.level_compaction_dynamic_level_bytes: 0
2020/04/09-16:20:50.512356 101d4a000          Options.max_bytes_for_level_multiplier: 10.000000
2020/04/09-16:20:50.512359 101d4a000 Options.max_bytes_for_level_multiplier_addtl[0]: 1
2020/04/09-16:20:50.512361 101d4a000 Options.max_bytes_for_level_multiplier_addtl[1]: 1
2020/04/09-16:20:50.512362 101d4a000 Options.max_bytes_for_level_multiplier_addtl[2]: 1
2020/04/09-16:20:50.512364 101d4a000 Options.max_bytes_for_level_multiplier_addtl[3]: 1
2020/04/09-16:20:50.512365 101d4a000 Options.max_bytes_for_level_multiplier_addtl[4]: 1
2020/04/09-16:20:50.512367 101d4a000 Options.max_bytes_for_level_multiplier_addtl[5]: 1
2020/04/09-16:20:50.512369 101d4a000 Options.max_bytes_for_level_multiplier_addtl[6]: 1
2020/04/09-16:20:50.512370 101d4a000       Options.max_sequential_skip_in_iterations: 8
2020/04/09-16:20:50.512372 101d4a000                    Options.max_compaction_bytes: 1677721600
2020/04/09-16:20:50.512373 101d4a000                        Options.arena_block_size: 8388608
2020/04/09-16:20:50.512375 101d4a000   Options.soft_pending_compaction_bytes_limit: 68719476736
2020/04/09-16:20:50.512377 101d4a000   Options.hard_pending_compaction_bytes_limit: 274877906944
2020/04/09-16:20:50.512378 101d4a000       Options.rate_limit_delay_max_milliseconds: 100
2020/04/09-16:20:50.512380 101d4a000                Options.disable_auto_compactions: 1
2020/04/09-16:20:50.512382 101d4a000                        Options.compaction_style: kCompactionStyleLevel
2020/04/09-16:20:50.512384 101d4a000                          Options.compaction_pri: kMinOverlappingRatio
2020/04/09-16:20:50.512386 101d4a000 Options.compaction_options_universal.size_ratio: 1
2020/04/09-16:20:50.512388 101d4a000 Options.compaction_options_universal.min_merge_width: 2
2020/04/09-16:20:50.512389 101d4a000 Options.compaction_options_universal.max_merge_width: 4294967295
2020/04/09-16:20:50.512391 101d4a000 Options.compaction_options_universal.max_size_amplification_percent: 200
2020/04/09-16:20:50.512393 101d4a000 Options.compaction_options_universal.compression_size_percent: -1
2020/04/09-16:20:50.512395 101d4a000 Options.compaction_options_universal.stop_style: kCompactionStopStyleTotalSize
2020/04/09-16:20:50.512397 101d4a000 Options.compaction_options_fifo.max_table_files_size: 1073741824
2020/04/09-16:20:50.512399 101d4a000 Options.compaction_options_fifo.allow_compaction: 0
2020/04/09-16:20:50.512400 101d4a000                   Options.table_properties_collectors: 
2020/04/09-16:20:50.512402 101d4a000                   Options.inplace_update_support: 0
2020/04/09-16:20:50.512404 101d4a000                 Options.inplace_update_num_locks: 10000
2020/04/09-16:20:50.512410 101d4a000               Options.memtable_prefix_bloom_size_ratio: 0.000000
2020/04/09-16:20:50.512413 101d4a000               Options.memtable_whole_key_filtering: 0
2020/04/09-16:20:50.512414 101d4a000   Options.memtable_huge_page_size: 0
2020/04/09-16:20:50.512416 101d4a000                           Options.bloom_locality: 0
2020/04/09-16:20:50.512417 101d4a000                    Options.max_successive_merges: 0
2020/04/09-16:20:50.512419 101d4a000                Options.optimize_filters_for_hits: 0
2020/04/09-16:20:50.512420 101d4a000                Options.paranoid_file_checks: 0
2020/04/09-16:20:50.512422 101d4a000                Options.force_consistency_checks: 0
2020/04/09-16:20:50.512423 101d4a000                Options.report_bg_io_stats: 0
2020/04/09-16:20:50.512425 101d4a000                               Options.ttl: 0
2020/04/09-16:20:50.512426 101d4a000          Options.periodic_compaction_seconds: 0
2020/04/09-16:20:50.512536 101d4a000 [lumn_family.cc:481] --------------- Options for column family []:
2020/04/09-16:20:50.512540 101d4a000               Options.comparator: leveldb.BytewiseComparator
2020/04/09-16:20:50.512542 101d4a000           Options.merge_operator: None
2020/04/09-16:20:50.512544 101d4a000        Options.compaction_filter: None
2020/04/09-16:20:50.512545 101d4a000        Options.compaction_filter_factory: None
2020/04/09-16:20:50.512547 101d4a000         Options.memtable_factory: SkipListFactory
2020/04/09-16:20:50.512549 101d4a000            Options.table_factory: BlockBasedTable
2020/04/09-16:20:50.512568 101d4a000            table_factory options:   flush_block_policy_factory: FlushBlockBySizePolicyFactory (0x7fd4ce400060)
  cache_index_and_filter_blocks: 0
  cache_index_and_filter_blocks_with_high_priority: 1
  pin_l0_filter_and_index_blocks_in_cache: 0
  pin_top_level_index_and_filter: 1
  index_type: 0
  data_block_index_type: 0
  index_shortening: 1
  data_block_hash_table_util_ratio: 0.750000
  hash_index_allow_collision: 1
  checksum: 1
  no_block_cache: 0
  block_cache: 0x7fd4d0d25018
  block_cache_name: LRUCache
  block_cache_options:
    capacity : 8388608
    num_shard_bits : 4
    strict_capacity_limit : 0
    memory_allocator : None
    high_pri_pool_ratio: 0.000
  block_cache_compressed: 0x0
  persistent_cache: 0x0
  block_size: 4096
  block_size_deviation: 10
  block_restart_interval: 16
  index_block_restart_interval: 1
  metadata_block_size: 4096
  partition_filters: 0
  use_delta_encoding: 1
  filter_policy: nullptr
  whole_key_filtering: 1
  verify_compression: 0
  read_amp_bytes_per_bit: 0
  format_version: 2
  enable_index_compression: 1
  block_align: 0
2020/04/09-16:20:50.512571 101d4a000        Options.write_buffer_size: 67108864
2020/04/09-16:20:50.512573 101d4a000  Options.max_write_buffer_number: 2
2020/04/09-16:20:50.512575 101d4a000          Options.compression: Snappy
2020/04/09-16:20:50.512576 101d4a000                  Options.bottommost_compression: Disabled
2020/04/09-16:20:50.512578 101d4a000       Options.prefix_extractor: nullptr
2020/04/09-16:20:50.512579 101d4a000   Options.memtable_insert_with_hint_prefix_extractor: nullptr
2020/04/09-16:20:50.512581 101d4a000             Options.num_levels: 7
2020/04/09-16:20:50.512583 101d4a000        Options.min_write_buffer_number_to_merge: 1
2020/04/09-16:20:50.512584 101d4a000     Options.max_write_buffer_number_to_maintain: 2
2020/04/09-16:20:50.512586 101d4a000            Options.bottommost_compression_opts.window_bits: -14
2020/04/09-16:20:50.512587 101d4a000                  Options.bottommost_compression_opts.level: 32767
2020/04/09-16:20:50.512589 101d4a000               Options.bottommost_compression_opts.strategy: 0
2020/04/09-16:20:50.512591 101d4a000         Options.bottommost_compression_opts.max_dict_bytes: 0
2020/04/09-16:20:50.512592 101d4a000         Options.bottommost_compression_opts.zstd_max_train_bytes: 0
2020/04/09-16:20:50.512594 101d4a000                  Options.bottommost_compression_opts.enabled: false
2020/04/09-16:20:50.512596 101d4a000            Options.compression_opts.window_bits: -14
2020/04/09-16:20:50.512598 101d4a000                  Options.compression_opts.level: 32767
2020/04/09-16:20:50.512600 101d4a000               Options.compression_opts.strategy: 0
2020/04/09-16:20:50.512601 101d4a000         Options.compression_opts.max_dict_bytes: 0
2020/04/09-16:20:50.512603 101d4a000         Options.compression_opts.zstd_max_train_bytes: 0
2020/04/09-16:20:50.512605 101d4a000                  Options.compression_opts.enabled: false
2020/04/09-16:20:50.512607 101d4a000      Options.level0_file_num_compaction_trigger: 4
2020/04/09-16:20:50.512608 101d4a000          Options.level0_slowdown_writes_trigger: 20
2020/04/09-16:20:50.512610 101d4a000              Options.level0_stop_writes_trigger: 36
2020/04/09-16:20:50.512612 101d4a000                   Options.target_file_size_base: 67108864
2020/04/09-16:20:50.512614 101d4a000             Options.target_file_size_multiplier: 1
2020/04/09-16:20:50.512615 101d4a000                Options.max_bytes_for_level_base: 268435456
2020/04/09-16:20:50.512617 101d4a000                      Options.snap_refresh_nanos: 0
2020/04/09-16:20:50.512619 101d4a000 Options.level_compaction_dynamic_level_bytes: 0
2020/04/09-16:20:50.512620 101d4a000          Options.max_bytes_for_level_multiplier: 10.000000
2020/04/09-16:20:50.512623 101d4a000 Options.max_bytes_for_level_multiplier_addtl[0]: 1
2020/04/09-16:20:50.512625 101d4a000 Options.max_bytes_for_level_multiplier_addtl[1]: 1
2020/04/09-16:20:50.512627 101d4a000 Options.max_bytes_for_level_multiplier_addtl[2]: 1
2020/04/09-16:20:50.512629 101d4a000 Options.max_bytes_for_level_multiplier_addtl[3]: 1
2020/04/09-16:20:50.512631 101d4a000 Options.max_bytes_for_level_multiplier_addtl[4]: 1
2020/04/09-16:20:50.512633 101d4a000 Options.max_bytes_for_level_multiplier_addtl[5]: 1
2020/04/09-16:20:50.512634 101d4a000 Options.max_bytes_for_level_multiplier_addtl[6]: 1
2020/04/09-16:20:50.512636 101d4a000       Options.max_sequential_skip_in_iterations: 8
2020/04/09-16:20:50.512638 101d4a000                    Options.max_compaction_bytes: 1677721600
2020/04/09-16:20:50.512640 101d4a000                        Options.arena_block_size: 8388608
2020/04/09-16:20:50.512643 101d4a000   Options.soft_pending_compaction_bytes_limit: 68719476736
2020/04/09-16:20:50.512645 101d4a000   Options.hard_pending_compaction_bytes_limit: 274877906944
2020/04/09-16:20:50.512647 101d4a000       Options.rate_limit_delay_max_milliseconds: 100
2020/04/09-16:20:50.512649 101d4a000                Options.disable_auto_compactions: 1
2020/04/09-16:20:50.512651 101d4a000                        Options.compaction_style: kCompactionStyleLevel
2020/04/09-16:20:50.512654 101d4a000                          Options.compaction_pri: kMinOverlappingRatio
2020/04/09-16:20:50.512656 101d4a000 Options.compaction_options_universal.size_ratio: 1
2020/04/09-16:20:50.512658 101d4a000 Options.compaction_options_universal.min_merge_width: 2
2020/04/09-16:20:50.512659 101d4a000 Options.compaction_options_universal.max_merge_width: 4294967295
2020/04/09-16:20:50.512661 101d4a000 Options.compaction_options_universal.max_size_amplification_percent: 200
2020/04/09-16:20:50.512663 101d4a000 Options.compaction_options_universal.compression_size_percent: -1
2020/04/09-16:20:50.512666 101d4a000 Options.compaction_options_universal.stop_style: kCompactionStopStyleTotalSize
2020/04/09-16:20:50.512668 101d4a000 Options.compaction_options_fifo.max_table_files_size: 1073741824
2020/04/09-16:20:50.512670 101d4a000 Options.compaction_options_fifo.allow_compaction: 0
2020/04/09-16:20:50.512672 101d4a000                   Options.table_properties_collectors: 
2020/04/09-16:20:50.512674 101d4a000                   Options.inplace_update_support: 0
2020/04/09-16:20:50.512675 101d4a000                 Options.inplace_update_num_locks: 10000
2020/04/09-16:20:50.512677 101d4a000               Options.memtable_prefix_bloom_size_ratio: 0.000000
2020/04/09-16:20:50.512679 101d4a000               Options.memtable_whole_key_filtering: 0
2020/04/09-16:20:50.512681 101d4a000   Options.memtable_huge_page_size: 0
2020/04/09-16:20:50.512683 101d4a000                           Options.bloom_locality: 0
2020/04/09-16:20:50.512685 101d4a000                    Options.max_successive_merges: 0
2020/04/09-16:20:50.512687 101d4a000                Options.optimize_filters_for_hits: 0
2020/04/09-16:20:50.512689 101d4a000                Options.paranoid_file_checks: 0
2020/04/09-16:20:50.512691 101d4a000                Options.force_consistency_checks: 0
2020/04/09-16:20:50.512693 101d4a000                Options.report_bg_io_stats: 0
2020/04/09-16:20:50.512695 101d4a000                               Options.ttl: 0
2020/04/09-16:20:50.512697 101d4a000          Options.periodic_compaction_seconds: 0
2020/04/09-16:20:50.512757 101d4a000 [lumn_family.cc:481] --------------- Options for column family []:
2020/04/09-16:20:50.512762 101d4a000               Options.comparator: leveldb.BytewiseComparator
2020/04/09-16:20:50.512764 101d4a000           Options.merge_operator: None
2020/04/09-16:20:50.512766 101d4a000        Options.compaction_filter: None
2020/04/09-16:20:50.512768 101d4a000        Options.compaction_filter_factory: None
2020/04/09-16:20:50.512769 101d4a000         Options.memtable_factory: SkipListFactory
2020/04/09-16:20:50.512771 101d4a000            Options.table_factory: BlockBasedTable
2020/04/09-16:20:50.512816 101d4a000            table_factory options:   flush_block_policy_factory: FlushBlockBySizePolicyFactory (0x7fd4d0d25df0)
  cache_index_and_filter_blocks: 0
  cache_index_and_filter_blocks_with_high_priority: 1
  pin_l0_filter_and_index_blocks_in_cache: 0
  pin_top_level_index_and_filter: 1
  index_type: 0
  data_block_index_type: 0
  index_shortening: 1
  data_block_hash_table_util_ratio: 0.750000
  hash_index_allow_collision: 1
  checksum: 1
  no_block_cache: 0
  block_cache: 0x7fd4d0d26308
  block_cache_name: LRUCache
  block_cache_options:
    capacity : 8388608
    num_shard_bits : 4
    strict_capacity_limit : 0
    memory_allocator : None
    high_pri_pool_ratio: 0.000
  block_cache_compressed: 0x0
  persistent_cache: 0x0
  block_size: 4096
  block_size_deviation: 10
  block_restart_interval: 16
  index_block_restart_interval: 1
  metadata_block_size: 4096
  partition_filters: 0
  use_delta_encoding: 1
  filter_policy: nullptr
  whole_key_filtering: 1
  verify_compression: 0
  read_amp_bytes_per_bit: 0
  format_version: 2
  enable_index_compression: 1
  block_align: 0
2020/04/09-16:20:50.512869 101d4a000        Options.write_buffer_size: 67108864
2020/04/09-16:20:50.512873 101d4a000  Options.max_write_buffer_number: 2
2020/04/09-16:20:50.512876 101d4a000          Options.compression: Snappy
2020/04/09-16:20:50.512878 101d4a000                  Options.bottommost_compression: Disabled
2020/04/09-16:20:50.512880 101d4a000       Options.prefix_extractor: nullptr
2020/04/09-16:20:50.512882 101d4a000   Options.memtable_insert_with_hint_prefix_extractor: nullptr
2020/04/09-16:20:50.512883 101d4a000             Options.num_levels: 7
2020/04/09-16:20:50.512885 101d4a000        Options.min_write_buffer_number_to_merge: 1
2020/04/09-16:20:50.512887 101d4a000     Options.max_write_buffer_number_to_maintain: 2
2020/04/09-16:20:50.512889 101d4a000            Options.bottommost_compression_opts.window_bits: -14
2020/04/09-16:20:50.512891 101d4a000                  Options.bottommost_compression_opts.level: 32767
2020/04/09-16:20:50.512893 101d4a000               Options.bottommost_compression_opts.strategy: 0
2020/04/09-16:20:50.512894 101d4a000         Options.bottommost_compression_opts.max_dict_bytes: 0
2020/04/09-16:20:50.512896 101d4a000         Options.bottommost_compression_opts.zstd_max_train_bytes: 0
2020/04/09-16:20:50.512898 101d4a000                  Options.bottommost_compression_opts.enabled: false
2020/04/09-16:20:50.512900 101d4a000            Options.compression_opts.window_bits: -14
2020/04/09-16:20:50.512902 101d4a000                  Options.compression_opts.level: 32767
2020/04/09-16:20:50.512903 101d4a000               Options.compression_opts.strategy: 0
2020/04/09-16:20:50.512905 101d4a000         Options.compression_opts.max_dict_bytes: 0
2020/04/09-16:20:50.512907 101d4a000         Options.compression_opts.zstd_max_train_bytes: 0
2020/04/09-16:20:50.512909 101d4a000                  Options.compression_opts.enabled: false
2020/04/09-16:20:50.512910 101d4a000      Options.level0_file_num_compaction_trigger: 4
2020/04/09-16:20:50.512912 101d4a000          Options.level0_slowdown_writes_trigger: 20
2020/04/09-16:20:50.512914 101d4a000              Options.level0_stop_writes_trigger: 36
2020/04/09-16:20:50.512916 101d4a000                   Options.target_file_size_base: 67108864
2020/04/09-16:20:50.512918 101d4a000             Options.target_file_size_multiplier: 1
2020/04/09-16:20:50.512920 101d4a000                Options.max_bytes_for_level_base: 268435456
2020/04/09-16:20:50.512921 101d4a000                      Options.snap_refresh_nanos: 0
2020/04/09-16:20:50.512923 101d4a000 Options.level_compaction_dynamic_level_bytes: 0
2020/04/09-16:20:50.512925 101d4a000          Options.max_bytes_for_level_multiplier: 10.000000
2020/04/09-16:20:50.512928 101d4a000 Options.max_bytes_for_level_multiplier_addtl[0]: 1
2020/04/09-16:20:50.512930 101d4a000 Options.max_bytes_for_level_multiplier_addtl[1]: 1
2020/04/09-16:20:50.512932 101d4a000 Options.max_bytes_for_level_multiplier_addtl[2]: 1
2020/04/09-16:20:50.512934 101d4a000 Options.max_bytes_for_level_multiplier_addtl[3]: 1
2020/04/09-16:20:50.512936 101d4a000 Options.max_bytes_for_level_multiplier_addtl[4]: 1
2020/04/09-16:20:50.512938 101d4a000 Options.max_bytes_for_level_multiplier_addtl[5]: 1
2020/04/09-16:20:50.512940 101d4a000 Options.max_bytes_for_level_multiplier_addtl[6]: 1
2020/04/09-16:20:50.512942 101d4a000       Options.max_sequential_skip_in_iterations: 8
2020/04/09-16:20:50.512944 101d4a000                    Options.max_compaction_bytes: 1677721600
2020/04/09-16:20:50.512945 101d4a000                        Options.arena_block_size: 8388608
2020/04/09-16:20:50.512947 101d4a000   Options.soft_pending_compaction_bytes_limit: 68719476736
2020/04/09-16:20:50.512949 101d4a000   Options.hard_pending_compaction_bytes_limit: 274877906944
2020/04/09-16:20:50.512951 101d4a000       Options.rate_limit_delay_max_milliseconds: 100
2020/04/09-16:20:50.512953 101d4a000                Options.disable_auto_compactions: 1
2020/04/09-16:20:50.512956 101d4a000                        Options.compaction_style: kCompactionStyleLevel
2020/04/09-16:20:50.512958 101d4a000                          Options.compaction_pri: kMinOverlappingRatio
2020/04/09-16:20:50.512960 101d4a000 Options.compaction_options_universal.size_ratio: 1
2020/04/09-16:20:50.512962 101d4a000 Options.compaction_options_universal.min_merge_width: 2
2020/04/09-16:20:50.512964 101d4a000 Options.compaction_options_universal.max_merge_width: 4294967295
2020/04/09-16:20:50.512965 101d4a000 Options.compaction_options_universal.max_size_amplification_percent: 200
2020/04/09-16:20:50.512967 101d4a000 Options.compaction_options_universal.compression_size_percent: -1
2020/04/09-16:20:50.512971 101d4a000 Options.compaction_options_universal.stop_style: kCompactionStopStyleTotalSize
2020/04/09-16:20:50.512972 101d4a000 Options.compaction_options_fifo.max_table_files_size: 1073741824
2020/04/09-16:20:50.512974 101d4a000 Options.compaction_options_fifo.allow_compaction: 0
2020/04/09-16:20:50.512976 101d4a000                   Options.table_properties_collectors: 
2020/04/09-16:20:50.512978 101d4a000                   Options.inplace_update_support: 0
2020/04/09-16:20:50.512980 101d4a000                 Options.inplace_update_num_locks: 10000
2020/04/09-16:20:50.512982 101d4a000               Options.memtable_prefix_bloom_size_ratio: 0.000000
2020/04/09-16:20:50.512984 101d4a000               Options.memtable_whole_key_filtering: 0
2020/04/09-16:20:50.512986 101d4a000   Options.memtable_huge_page_size: 0
2020/04/09-16:20:50.512988 101d4a000                           Options.bloom_locality: 0
2020/04/09-16:20:50.512989 101d4a000                    Options.max_successive_merges: 0
2020/04/09-16:20:50.512991 101d4a000                Options.optimize_filters_for_hits: 0
2020/04/09-16:20:50.512993 101d4a000                Options.paranoid_file_checks: 0
2020/04/09-16:20:50.512995 101d4a000                Options.force_consistency_checks: 0
2020/04/09-16:20:50.512997 101d4a000                Options.report_bg_io_stats: 0
2020/04/09-16:20:50.512998 101d4a000                               Options.ttl: 0
2020/04/09-16:20:50.513000 101d4a000          Options.periodic_compaction_seconds: 0
2020/04/09-16:20:50.513617 101d4a000 [lumn_family.cc:481] --------------- Options for column family []:
2020/04/09-16:20:50.513731 101d4a000               Options.comparator: leveldb.BytewiseComparator
2020/04/09-16:20:50.513736 101d4a000           Options.merge_operator: None
2020/04/09-16:20:50.513738 101d4a000        Options.compaction_filter: None
2020/04/09-16:20:50.513766 101d4a000        Options.compaction_filter_factory: None
2020/04/09-16:20:50.513769 101d4a000         Options.memtable_factory: SkipListFactory
2020/04/09-16:20:50.513771 101d4a000            Options.table_factory: BlockBasedTable
2020/04/09-16:20:50.513798 101d4a000            table_factory options:   flush_block_policy_factory: FlushBlockBySizePolicyFactory (0x7fd4d0d26fb0)
  cache_index_and_filter_blocks: 0
  cache_index_and_filter_blocks_with_high_priority: 1
  pin_l0_filter_and_index_blocks_in_cache: 0
  pin_top_level_index_and_filter: 1
  index_type: 0
  data_block_index_type: 0
  index_shortening: 1
  data_block_hash_table_util_ratio: 0.750000
  hash_index_allow_collision: 1
  checksum: 1
  no_block_cache: 0
  block_cache: 0x7fd4d0d26ff8
  block_cache_name: LRUCache
  block_cache_options:
    capacity : 8388608
    num_shard_bits : 4
    strict_capacity_limit : 0
    memory_allocator : None
    high_pri_pool_ratio: 0.000
  block_cache_compressed: 0x0
  persistent_cache: 0x0
  block_size: 4096
  block_size_deviation: 10
  block_restart_interval: 16
  index_block_restart_interval: 1
  metadata_block_size: 4096
  partition_filters: 0
  use_delta_encoding: 1
  filter_policy: nullptr
  whole_key_filtering: 1
  verify_compression: 0
  read_amp_bytes_per_bit: 0
  format_version: 2
  enable_index_compression: 1
  block_align: 0
2020/04/09-16:20:50.513801 101d4a000        Options.write_buffer_size: 67108864
2020/04/09-16:20:50.513802 101d4a000  Options.max_write_buffer_number: 2
2020/04/09-16:20:50.513836 101d4a000          Options.compression: Snappy
2020/04/09-16:20:50.513840 101d4a000                  Options.bottommost_compression: Disabled
2020/04/09-16:20:50.513866 101d4a000       Options.prefix_extractor: nullptr
2020/04/09-16:20:50.513868 101d4a000   Options.memtable_insert_with_hint_prefix_extractor: nullptr
2020/04/09-16:20:50.513870 101d4a000             Options.num_levels: 7
2020/04/09-16:20:50.513872 101d4a000        Options.min_write_buffer_number_to_merge: 1
2020/04/09-16:20:50.513874 101d4a000     Options.max_write_buffer_number_to_maintain: 2
2020/04/09-16:20:50.513876 101d4a000            Options.bottommost_compression_opts.window_bits: -14
2020/04/09-16:20:50.513900 101d4a000                  Options.bottommost_compression_opts.level: 32767
2020/04/09-16:20:50.513905 101d4a000               Options.bottommost_compression_opts.strategy: 0
2020/04/09-16:20:50.513907 101d4a000         Options.bottommost_compression_opts.max_dict_bytes: 0
2020/04/09-16:20:50.513909 101d4a000         Options.bottommost_compression_opts.zstd_max_train_bytes: 0
2020/04/09-16:20:50.513911 101d4a000                  Options.bottommost_compression_opts.enabled: false
2020/04/09-16:20:50.513912 101d4a000            Options.compression_opts.window_bits: -14
2020/04/09-16:20:50.513914 101d4a000                  Options.compression_opts.level: 32767
2020/04/09-16:20:50.513916 101d4a000               Options.compression_opts.strategy: 0
2020/04/09-16:20:50.513918 101d4a000         Options.compression_opts.max_dict_bytes: 0
2020/04/09-16:20:50.513920 101d4a000         Options.compression_opts.zstd_max_train_bytes: 0
2020/04/09-16:20:50.513921 101d4a000                  Options.compression_opts.enabled: false
2020/04/09-16:20:50.513923 101d4a000      Options.level0_file_num_compaction_trigger: 4
2020/04/09-16:20:50.513925 101d4a000          Options.level0_slowdown_writes_trigger: 20
2020/04/09-16:20:50.513927 101d4a000              Options.level0_stop_writes_trigger: 36
2020/04/09-16:20:50.513929 101d4a000                   Options.target_file_size_base: 67108864
2020/04/09-16:20:50.513930 101d4a000             Options.target_file_size_multiplier: 1
2020/04/09-16:20:50.513932 101d4a000                Options.max_bytes_for_level_base: 268435456
2020/04/09-16:20:50.513934 101d4a000                      Options.snap_refresh_nanos: 0
2020/04/09-16:20:50.513935 101d4a000 Options.level_compaction_dynamic_level_bytes: 0
2020/04/09-16:20:50.513937 101d4a000          Options.max_bytes_for_level_multiplier: 10.000000
2020/04/09-16:20:50.513940 101d4a000 Options.max_bytes_for_level_multiplier_addtl[0]: 1
2020/04/09-16:20:50.513942 101d4a000 Options.max_bytes_for_level_multiplier_addtl[1]: 1
2020/04/09-16:20:50.513944 101d4a000 Options.max_bytes_for_level_multiplier_addtl[2]: 1
2020/04/09-16:20:50.513946 101d4a000 Options.max_bytes_for_level_multiplier_addtl[3]: 1
2020/04/09-16:20:50.513948 101d4a000 Options.max_bytes_for_level_multiplier_addtl[4]: 1
2020/04/09-16:20:50.513949 101d4a000 Options.max_bytes_for_level_multiplier_addtl[5]: 1
2020/04/09-16:20:50.513951 101d4a000 Options.max_bytes_for_level_multiplier_addtl[6]: 1
2020/04/09-16:20:50.513953 101d4a000       Options.max_sequential_skip_in_iterations: 8
2020/04/09-16:20:50.513955 101d4a000                    Options.max_compaction_bytes: 1677721600
2020/04/09-16:20:50.513957 101d4a000                        Options.arena_block_size: 8388608
2020/04/09-16:20:50.513959 101d4a000   Options.soft_pending_compaction_bytes_limit: 68719476736
2020/04/09-16:20:50.513960 101d4a000   Options.hard_pending_compaction_bytes_limit: 274877906944
2020/04/09-16:20:50.513962 101d4a000       Options.rate_limit_delay_max_milliseconds: 100
2020/04/09-16:20:50.513964 101d4a000                Options.disable_auto_compactions: 1
2020/04/09-16:20:50.513966 101d4a000                        Options.compaction_style: kCompactionStyleLevel
2020/04/09-16:20:50.513969 101d4a000                          Options.compaction_pri: kMinOverlappingRatio
2020/04/09-16:20:50.513971 101d4a000 Options.compaction_options_universal.size_ratio: 1
2020/04/09-16:20:50.513972 101d4a000 Options.compaction_options_universal.min_merge_width: 2
2020/04/09-16:20:50.513974 101d4a000 Options.compaction_options_universal.max_merge_width: 4294967295
2020/04/09-16:20:50.513976 101d4a000 Options.compaction_options_universal.max_size_amplification_percent: 200
2020/04/09-16:20:50.513978 101d4a000 Options.compaction_options_universal.compression_size_percent: -1
2020/04/09-16:20:50.513981 101d4a000 Options.compaction_options_universal.stop_style: kCompactionStopStyleTotalSize
2020/04/09-16:20:50.513983 101d4a000 Options.compaction_options_fifo.max_table_files_size: 1073741824
2020/04/09-16:20:50.513985 101d4a000 Options.compaction_options_fifo.allow_compaction: 0
2020/04/09-16:20:50.513986 101d4a000                   Options.table_properties_collectors: 
2020/04/09-16:20:50.513988 101d4a000                   Options.inplace_update_support: 0
2020/04/09-16:20:50.513990 101d4a000                 Options.inplace_update_num_locks: 10000
2020/04/09-16:20:50.513992 101d4a000               Options.memtable_prefix_bloom_size_ratio: 0.000000
2020/04/09-16:20:50.513994 101d4a000               Options.memtable_whole_key_filtering: 0
2020/04/09-16:20:50.513996 101d4a000   Options.memtable_huge_page_size: 0
2020/04/09-16:20:50.513998 101d4a000                           Options.bloom_locality: 0
2020/04/09-16:20:50.513999 101d4a000                    Options.max_successive_merges: 0
2020/04/09-16:20:50.514001 101d4a000                Options.optimize_filters_for_hits: 0
2020/04/09-16:20:50.514003 101d4a000                Options.paranoid_file_checks: 0
2020/04/09-16:20:50.514005 101d4a000                Options.force_consistency_checks: 0
2020/04/09-16:20:50.514007 101d4a000                Options.report_bg_io_stats: 0
