2020/04/09-16:20:51.798512 1029ca000 RocksDB version: 6.4.6
2020/04/09-16:20:51.798706 1029ca000 Git sha rocksdb_build_git_sha:e3169e3ea8762d2f34880742106858a23c8dc8b7
2020/04/09-16:20:51.798717 1029ca000 Compile date Nov 24 2019
2020/04/09-16:20:51.798727 1029ca000 DB SUMMARY
2020/04/09-16:20:51.798918 1029ca000 CURRENT file:  CURRENT
2020/04/09-16:20:51.798924 1029ca000 IDENTITY file:  IDENTITY
2020/04/09-16:20:51.798937 1029ca000 MANIFEST file:  MANIFEST-000079 size: 1388 Bytes
2020/04/09-16:20:51.798941 1029ca000 SST files in /Users/Happpyyyyyyy/besu Project/Personal_code/IBFT-Network/Node-4/data/database dir, Total Num: 2, files: 000086.sst 000089.sst 
2020/04/09-16:20:51.798944 1029ca000 Write Ahead Log file in /Users/Happpyyyyyyy/besu Project/Personal_code/IBFT-Network/Node-4/data/database: 000003.log size: 12564 ; 000031.log size: 62795 ; 000048.log size: 43295 ; 000065.log size: 97029 ; 000082.log size: 33282 ; 
2020/04/09-16:20:51.798948 1029ca000                         Options.error_if_exists: 0
2020/04/09-16:20:51.798955 1029ca000                       Options.create_if_missing: 1
2020/04/09-16:20:51.798957 1029ca000                         Options.paranoid_checks: 1
2020/04/09-16:20:51.798959 1029ca000                                     Options.env: 0x123f210d0
2020/04/09-16:20:51.798961 1029ca000                                Options.info_log: 0x7fe6ed45af10
2020/04/09-16:20:51.798963 1029ca000                Options.max_file_opening_threads: 16
2020/04/09-16:20:51.798965 1029ca000                              Options.statistics: 0x7fe6ed3a6b60
2020/04/09-16:20:51.798967 1029ca000                               Options.use_fsync: 0
2020/04/09-16:20:51.798973 1029ca000                       Options.max_log_file_size: 0
2020/04/09-16:20:51.798975 1029ca000                  Options.max_manifest_file_size: 1073741824
2020/04/09-16:20:51.798977 1029ca000                   Options.log_file_time_to_roll: 0
2020/04/09-16:20:51.798979 1029ca000                       Options.keep_log_file_num: 1000
2020/04/09-16:20:51.798981 1029ca000                    Options.recycle_log_file_num: 0
2020/04/09-16:20:51.798983 1029ca000                         Options.allow_fallocate: 1
2020/04/09-16:20:51.798985 1029ca000                        Options.allow_mmap_reads: 0
2020/04/09-16:20:51.798987 1029ca000                       Options.allow_mmap_writes: 0
2020/04/09-16:20:51.798989 1029ca000                        Options.use_direct_reads: 0
2020/04/09-16:20:51.798991 1029ca000                        Options.use_direct_io_for_flush_and_compaction: 0
2020/04/09-16:20:51.798993 1029ca000          Options.create_missing_column_families: 1
2020/04/09-16:20:51.798995 1029ca000                              Options.db_log_dir: 
2020/04/09-16:20:51.798997 1029ca000                                 Options.wal_dir: /Users/Happpyyyyyyy/besu Project/Personal_code/IBFT-Network/Node-4/data/database
2020/04/09-16:20:51.798999 1029ca000                Options.table_cache_numshardbits: 6
2020/04/09-16:20:51.799001 1029ca000                      Options.max_subcompactions: 1
2020/04/09-16:20:51.799003 1029ca000                  Options.max_background_flushes: -1
2020/04/09-16:20:51.799005 1029ca000                         Options.WAL_ttl_seconds: 0
2020/04/09-16:20:51.799007 1029ca000                       Options.WAL_size_limit_MB: 0
2020/04/09-16:20:51.799009 1029ca000             Options.manifest_preallocation_size: 4194304
2020/04/09-16:20:51.799011 1029ca000                     Options.is_fd_close_on_exec: 1
2020/04/09-16:20:51.799013 1029ca000                   Options.advise_random_on_open: 1
2020/04/09-16:20:51.799015 1029ca000                    Options.db_write_buffer_size: 0
2020/04/09-16:20:51.799017 1029ca000                    Options.write_buffer_manager: 0x7fe6ed45aeb0
2020/04/09-16:20:51.799019 1029ca000         Options.access_hint_on_compaction_start: 1
2020/04/09-16:20:51.799021 1029ca000  Options.new_table_reader_for_compaction_inputs: 0
2020/04/09-16:20:51.799023 1029ca000           Options.random_access_max_buffer_size: 1048576
2020/04/09-16:20:51.799025 1029ca000                      Options.use_adaptive_mutex: 0
2020/04/09-16:20:51.799027 1029ca000                            Options.rate_limiter: 0x0
2020/04/09-16:20:51.799029 1029ca000     Options.sst_file_manager.rate_bytes_per_sec: 0
2020/04/09-16:20:51.799031 1029ca000                       Options.wal_recovery_mode: 2
2020/04/09-16:20:51.799033 1029ca000                  Options.enable_thread_tracking: 0
2020/04/09-16:20:51.799035 1029ca000                  Options.enable_pipelined_write: 0
2020/04/09-16:20:51.799036 1029ca000                  Options.unordered_write: 0
2020/04/09-16:20:51.799038 1029ca000         Options.allow_concurrent_memtable_write: 1
2020/04/09-16:20:51.799040 1029ca000      Options.enable_write_thread_adaptive_yield: 1
2020/04/09-16:20:51.799042 1029ca000             Options.write_thread_max_yield_usec: 100
2020/04/09-16:20:51.799044 1029ca000            Options.write_thread_slow_yield_usec: 3
2020/04/09-16:20:51.799046 1029ca000                               Options.row_cache: None
2020/04/09-16:20:51.799048 1029ca000                              Options.wal_filter: None
2020/04/09-16:20:51.799050 1029ca000             Options.avoid_flush_during_recovery: 0
2020/04/09-16:20:51.799052 1029ca000             Options.allow_ingest_behind: 0
2020/04/09-16:20:51.799054 1029ca000             Options.preserve_deletes: 0
2020/04/09-16:20:51.799056 1029ca000             Options.two_write_queues: 0
2020/04/09-16:20:51.799058 1029ca000             Options.manual_wal_flush: 0
2020/04/09-16:20:51.799060 1029ca000             Options.atomic_flush: 0
2020/04/09-16:20:51.799062 1029ca000             Options.avoid_unnecessary_blocking_io: 0
2020/04/09-16:20:51.799064 1029ca000                 Options.persist_stats_to_disk: 0
2020/04/09-16:20:51.799066 1029ca000                 Options.log_readahead_size: 0
2020/04/09-16:20:51.799069 1029ca000             Options.max_background_jobs: 2
2020/04/09-16:20:51.799071 1029ca000             Options.max_background_compactions: 4
2020/04/09-16:20:51.799073 1029ca000             Options.avoid_flush_during_shutdown: 0
2020/04/09-16:20:51.799074 1029ca000           Options.writable_file_max_buffer_size: 1048576
2020/04/09-16:20:51.799077 1029ca000             Options.delayed_write_rate : 16777216
2020/04/09-16:20:51.799079 1029ca000             Options.max_total_wal_size: 0
2020/04/09-16:20:51.799081 1029ca000             Options.delete_obsolete_files_period_micros: 21600000000
2020/04/09-16:20:51.799083 1029ca000                   Options.stats_dump_period_sec: 600
2020/04/09-16:20:51.799084 1029ca000                 Options.stats_persist_period_sec: 600
2020/04/09-16:20:51.799086 1029ca000                 Options.stats_history_buffer_size: 1048576
2020/04/09-16:20:51.799088 1029ca000                          Options.max_open_files: 1024
2020/04/09-16:20:51.799091 1029ca000                          Options.bytes_per_sync: 0
2020/04/09-16:20:51.799092 1029ca000                      Options.wal_bytes_per_sync: 0
2020/04/09-16:20:51.799094 1029ca000                   Options.strict_bytes_per_sync: 0
2020/04/09-16:20:51.799096 1029ca000       Options.compaction_readahead_size: 0
2020/04/09-16:20:51.799098 1029ca000 Compression algorithms supported:
2020/04/09-16:20:51.799105 1029ca000 	kZSTD supported: 1
2020/04/09-16:20:51.799108 1029ca000 	kZlibCompression supported: 1
2020/04/09-16:20:51.799110 1029ca000 	kXpressCompression supported: 0
2020/04/09-16:20:51.799112 1029ca000 	kSnappyCompression supported: 1
2020/04/09-16:20:51.799114 1029ca000 	kZSTDNotFinalCompression supported: 1
2020/04/09-16:20:51.799116 1029ca000 	kLZ4HCCompression supported: 1
2020/04/09-16:20:51.799118 1029ca000 	kLZ4Compression supported: 1
2020/04/09-16:20:51.799119 1029ca000 	kBZip2Compression supported: 1
2020/04/09-16:20:51.799130 1029ca000 Fast CRC32 supported: Not supported on x86
2020/04/09-16:20:51.799448 1029ca000 [rsion_set.cc:4252] Recovering from manifest file: /Users/Happpyyyyyyy/besu Project/Personal_code/IBFT-Network/Node-4/data/database/MANIFEST-000079
2020/04/09-16:20:51.799543 1029ca000 [lumn_family.cc:481] --------------- Options for column family [default]:
2020/04/09-16:20:51.799548 1029ca000               Options.comparator: leveldb.BytewiseComparator
2020/04/09-16:20:51.799550 1029ca000           Options.merge_operator: None
2020/04/09-16:20:51.799552 1029ca000        Options.compaction_filter: None
2020/04/09-16:20:51.799554 1029ca000        Options.compaction_filter_factory: None
2020/04/09-16:20:51.799556 1029ca000         Options.memtable_factory: SkipListFactory
2020/04/09-16:20:51.799558 1029ca000            Options.table_factory: BlockBasedTable
2020/04/09-16:20:51.799591 1029ca000            table_factory options:   flush_block_policy_factory: FlushBlockBySizePolicyFactory (0x7fe6ed3a6120)
  cache_index_and_filter_blocks: 0
  cache_index_and_filter_blocks_with_high_priority: 0
  pin_l0_filter_and_index_blocks_in_cache: 0
  pin_top_level_index_and_filter: 1
  index_type: 0
  data_block_index_type: 0
  index_shortening: 1
  data_block_hash_table_util_ratio: 0.750000
  hash_index_allow_collision: 1
  checksum: 1
  no_block_cache: 0
  block_cache: 0x7fe6ed605018
  block_cache_name: LRUCache
  block_cache_options:
    capacity : 8388608
    num_shard_bits : 4
    strict_capacity_limit : 0
    memory_allocator : None
    high_pri_pool_ratio: 0.000
  block_cache_compressed: 0x0
  persistent_cache: 0x0
  block_size: 4096
  block_size_deviation: 10
  block_restart_interval: 16
  index_block_restart_interval: 1
  metadata_block_size: 4096
  partition_filters: 0
  use_delta_encoding: 1
  filter_policy: nullptr
  whole_key_filtering: 1
  verify_compression: 1
  read_amp_bytes_per_bit: 0
  format_version: 2
  enable_index_compression: 1
  block_align: 0
2020/04/09-16:20:51.799594 1029ca000        Options.write_buffer_size: 67108864
2020/04/09-16:20:51.799596 1029ca000  Options.max_write_buffer_number: 2
2020/04/09-16:20:51.799598 1029ca000          Options.compression: Snappy
2020/04/09-16:20:51.799600 1029ca000                  Options.bottommost_compression: Disabled
2020/04/09-16:20:51.799602 1029ca000       Options.prefix_extractor: nullptr
2020/04/09-16:20:51.799603 1029ca000   Options.memtable_insert_with_hint_prefix_extractor: nullptr
2020/04/09-16:20:51.799605 1029ca000             Options.num_levels: 7
2020/04/09-16:20:51.799607 1029ca000        Options.min_write_buffer_number_to_merge: 1
2020/04/09-16:20:51.799609 1029ca000     Options.max_write_buffer_number_to_maintain: 2
2020/04/09-16:20:51.799610 1029ca000            Options.bottommost_compression_opts.window_bits: -14
2020/04/09-16:20:51.799612 1029ca000                  Options.bottommost_compression_opts.level: 32767
2020/04/09-16:20:51.799618 1029ca000               Options.bottommost_compression_opts.strategy: 0
2020/04/09-16:20:51.799621 1029ca000         Options.bottommost_compression_opts.max_dict_bytes: 0
2020/04/09-16:20:51.799623 1029ca000         Options.bottommost_compression_opts.zstd_max_train_bytes: 0
2020/04/09-16:20:51.799624 1029ca000                  Options.bottommost_compression_opts.enabled: false
2020/04/09-16:20:51.799626 1029ca000            Options.compression_opts.window_bits: -14
2020/04/09-16:20:51.799628 1029ca000                  Options.compression_opts.level: 32767
2020/04/09-16:20:51.799630 1029ca000               Options.compression_opts.strategy: 0
2020/04/09-16:20:51.799632 1029ca000         Options.compression_opts.max_dict_bytes: 0
2020/04/09-16:20:51.799634 1029ca000         Options.compression_opts.zstd_max_train_bytes: 0
2020/04/09-16:20:51.799636 1029ca000                  Options.compression_opts.enabled: false
2020/04/09-16:20:51.799637 1029ca000      Options.level0_file_num_compaction_trigger: 4
2020/04/09-16:20:51.799639 1029ca000          Options.level0_slowdown_writes_trigger: 20
2020/04/09-16:20:51.799641 1029ca000              Options.level0_stop_writes_trigger: 36
2020/04/09-16:20:51.799642 1029ca000                   Options.target_file_size_base: 67108864
2020/04/09-16:20:51.799644 1029ca000             Options.target_file_size_multiplier: 1
2020/04/09-16:20:51.799646 1029ca000                Options.max_bytes_for_level_base: 268435456
2020/04/09-16:20:51.799648 1029ca000                      Options.snap_refresh_nanos: 0
2020/04/09-16:20:51.799649 1029ca000 Options.level_compaction_dynamic_level_bytes: 0
2020/04/09-16:20:51.799651 1029ca000          Options.max_bytes_for_level_multiplier: 10.000000
2020/04/09-16:20:51.799654 1029ca000 Options.max_bytes_for_level_multiplier_addtl[0]: 1
2020/04/09-16:20:51.799656 1029ca000 Options.max_bytes_for_level_multiplier_addtl[1]: 1
2020/04/09-16:20:51.799658 1029ca000 Options.max_bytes_for_level_multiplier_addtl[2]: 1
2020/04/09-16:20:51.799660 1029ca000 Options.max_bytes_for_level_multiplier_addtl[3]: 1
2020/04/09-16:20:51.799662 1029ca000 Options.max_bytes_for_level_multiplier_addtl[4]: 1
2020/04/09-16:20:51.799664 1029ca000 Options.max_bytes_for_level_multiplier_addtl[5]: 1
2020/04/09-16:20:51.799666 1029ca000 Options.max_bytes_for_level_multiplier_addtl[6]: 1
2020/04/09-16:20:51.799668 1029ca000       Options.max_sequential_skip_in_iterations: 8
2020/04/09-16:20:51.799669 1029ca000                    Options.max_compaction_bytes: 1677721600
2020/04/09-16:20:51.799671 1029ca000                        Options.arena_block_size: 8388608
2020/04/09-16:20:51.799673 1029ca000   Options.soft_pending_compaction_bytes_limit: 68719476736
2020/04/09-16:20:51.799675 1029ca000   Options.hard_pending_compaction_bytes_limit: 274877906944
2020/04/09-16:20:51.799677 1029ca000       Options.rate_limit_delay_max_milliseconds: 100
2020/04/09-16:20:51.799679 1029ca000                Options.disable_auto_compactions: 1
2020/04/09-16:20:51.799682 1029ca000                        Options.compaction_style: kCompactionStyleLevel
2020/04/09-16:20:51.799684 1029ca000                          Options.compaction_pri: kMinOverlappingRatio
2020/04/09-16:20:51.799686 1029ca000 Options.compaction_options_universal.size_ratio: 1
2020/04/09-16:20:51.799688 1029ca000 Options.compaction_options_universal.min_merge_width: 2
2020/04/09-16:20:51.799690 1029ca000 Options.compaction_options_universal.max_merge_width: 4294967295
2020/04/09-16:20:51.799692 1029ca000 Options.compaction_options_universal.max_size_amplification_percent: 200
2020/04/09-16:20:51.799694 1029ca000 Options.compaction_options_universal.compression_size_percent: -1
2020/04/09-16:20:51.799697 1029ca000 Options.compaction_options_universal.stop_style: kCompactionStopStyleTotalSize
2020/04/09-16:20:51.799699 1029ca000 Options.compaction_options_fifo.max_table_files_size: 1073741824
2020/04/09-16:20:51.799700 1029ca000 Options.compaction_options_fifo.allow_compaction: 0
2020/04/09-16:20:51.799702 1029ca000                   Options.table_properties_collectors: 
2020/04/09-16:20:51.799704 1029ca000                   Options.inplace_update_support: 0
2020/04/09-16:20:51.799706 1029ca000                 Options.inplace_update_num_locks: 10000
2020/04/09-16:20:51.799713 1029ca000               Options.memtable_prefix_bloom_size_ratio: 0.000000
2020/04/09-16:20:51.799717 1029ca000               Options.memtable_whole_key_filtering: 0
2020/04/09-16:20:51.799719 1029ca000   Options.memtable_huge_page_size: 0
2020/04/09-16:20:51.799721 1029ca000                           Options.bloom_locality: 0
2020/04/09-16:20:51.799723 1029ca000                    Options.max_successive_merges: 0
2020/04/09-16:20:51.799725 1029ca000                Options.optimize_filters_for_hits: 0
2020/04/09-16:20:51.799727 1029ca000                Options.paranoid_file_checks: 0
2020/04/09-16:20:51.799729 1029ca000                Options.force_consistency_checks: 0
2020/04/09-16:20:51.799730 1029ca000                Options.report_bg_io_stats: 0
2020/04/09-16:20:51.799732 1029ca000                               Options.ttl: 0
2020/04/09-16:20:51.799734 1029ca000          Options.periodic_compaction_seconds: 0
2020/04/09-16:20:51.799851 1029ca000 [lumn_family.cc:481] --------------- Options for column family []:
2020/04/09-16:20:51.799856 1029ca000               Options.comparator: leveldb.BytewiseComparator
2020/04/09-16:20:51.799858 1029ca000           Options.merge_operator: None
2020/04/09-16:20:51.799860 1029ca000        Options.compaction_filter: None
2020/04/09-16:20:51.799862 1029ca000        Options.compaction_filter_factory: None
2020/04/09-16:20:51.799864 1029ca000         Options.memtable_factory: SkipListFactory
2020/04/09-16:20:51.799866 1029ca000            Options.table_factory: BlockBasedTable
2020/04/09-16:20:51.799887 1029ca000            table_factory options:   flush_block_policy_factory: FlushBlockBySizePolicyFactory (0x7fe6ed2f8160)
  cache_index_and_filter_blocks: 0
  cache_index_and_filter_blocks_with_high_priority: 1
  pin_l0_filter_and_index_blocks_in_cache: 0
  pin_top_level_index_and_filter: 1
  index_type: 0
  data_block_index_type: 0
  index_shortening: 1
  data_block_hash_table_util_ratio: 0.750000
  hash_index_allow_collision: 1
  checksum: 1
  no_block_cache: 0
  block_cache: 0x7fe6ed600018
  block_cache_name: LRUCache
  block_cache_options:
    capacity : 8388608
    num_shard_bits : 4
    strict_capacity_limit : 0
    memory_allocator : None
    high_pri_pool_ratio: 0.000
  block_cache_compressed: 0x0
  persistent_cache: 0x0
  block_size: 4096
  block_size_deviation: 10
  block_restart_interval: 16
  index_block_restart_interval: 1
  metadata_block_size: 4096
  partition_filters: 0
  use_delta_encoding: 1
  filter_policy: nullptr
  whole_key_filtering: 1
  verify_compression: 0
  read_amp_bytes_per_bit: 0
  format_version: 2
  enable_index_compression: 1
  block_align: 0
2020/04/09-16:20:51.799889 1029ca000        Options.write_buffer_size: 67108864
2020/04/09-16:20:51.799891 1029ca000  Options.max_write_buffer_number: 2
2020/04/09-16:20:51.799893 1029ca000          Options.compression: Snappy
2020/04/09-16:20:51.799895 1029ca000                  Options.bottommost_compression: Disabled
2020/04/09-16:20:51.799897 1029ca000       Options.prefix_extractor: nullptr
2020/04/09-16:20:51.799899 1029ca000   Options.memtable_insert_with_hint_prefix_extractor: nullptr
2020/04/09-16:20:51.799900 1029ca000             Options.num_levels: 7
2020/04/09-16:20:51.799902 1029ca000        Options.min_write_buffer_number_to_merge: 1
2020/04/09-16:20:51.799904 1029ca000     Options.max_write_buffer_number_to_maintain: 2
2020/04/09-16:20:51.799906 1029ca000            Options.bottommost_compression_opts.window_bits: -14
2020/04/09-16:20:51.799908 1029ca000                  Options.bottommost_compression_opts.level: 32767
2020/04/09-16:20:51.799909 1029ca000               Options.bottommost_compression_opts.strategy: 0
2020/04/09-16:20:51.799911 1029ca000         Options.bottommost_compression_opts.max_dict_bytes: 0
2020/04/09-16:20:51.799913 1029ca000         Options.bottommost_compression_opts.zstd_max_train_bytes: 0
2020/04/09-16:20:51.799914 1029ca000                  Options.bottommost_compression_opts.enabled: false
2020/04/09-16:20:51.799915 1029ca000            Options.compression_opts.window_bits: -14
2020/04/09-16:20:51.799916 1029ca000                  Options.compression_opts.level: 32767
2020/04/09-16:20:51.799917 1029ca000               Options.compression_opts.strategy: 0
2020/04/09-16:20:51.799919 1029ca000         Options.compression_opts.max_dict_bytes: 0
2020/04/09-16:20:51.799920 1029ca000         Options.compression_opts.zstd_max_train_bytes: 0
2020/04/09-16:20:51.799921 1029ca000                  Options.compression_opts.enabled: false
2020/04/09-16:20:51.799922 1029ca000      Options.level0_file_num_compaction_trigger: 4
2020/04/09-16:20:51.799923 1029ca000          Options.level0_slowdown_writes_trigger: 20
2020/04/09-16:20:51.799924 1029ca000              Options.level0_stop_writes_trigger: 36
2020/04/09-16:20:51.799925 1029ca000                   Options.target_file_size_base: 67108864
2020/04/09-16:20:51.799926 1029ca000             Options.target_file_size_multiplier: 1
2020/04/09-16:20:51.799927 1029ca000                Options.max_bytes_for_level_base: 268435456
2020/04/09-16:20:51.799928 1029ca000                      Options.snap_refresh_nanos: 0
2020/04/09-16:20:51.799929 1029ca000 Options.level_compaction_dynamic_level_bytes: 0
2020/04/09-16:20:51.799931 1029ca000          Options.max_bytes_for_level_multiplier: 10.000000
2020/04/09-16:20:51.799932 1029ca000 Options.max_bytes_for_level_multiplier_addtl[0]: 1
2020/04/09-16:20:51.799933 1029ca000 Options.max_bytes_for_level_multiplier_addtl[1]: 1
2020/04/09-16:20:51.799934 1029ca000 Options.max_bytes_for_level_multiplier_addtl[2]: 1
2020/04/09-16:20:51.799935 1029ca000 Options.max_bytes_for_level_multiplier_addtl[3]: 1
2020/04/09-16:20:51.799937 1029ca000 Options.max_bytes_for_level_multiplier_addtl[4]: 1
2020/04/09-16:20:51.799938 1029ca000 Options.max_bytes_for_level_multiplier_addtl[5]: 1
2020/04/09-16:20:51.799939 1029ca000 Options.max_bytes_for_level_multiplier_addtl[6]: 1
2020/04/09-16:20:51.799940 1029ca000       Options.max_sequential_skip_in_iterations: 8
2020/04/09-16:20:51.799941 1029ca000                    Options.max_compaction_bytes: 1677721600
2020/04/09-16:20:51.799942 1029ca000                        Options.arena_block_size: 8388608
2020/04/09-16:20:51.799943 1029ca000   Options.soft_pending_compaction_bytes_limit: 68719476736
2020/04/09-16:20:51.799944 1029ca000   Options.hard_pending_compaction_bytes_limit: 274877906944
2020/04/09-16:20:51.799945 1029ca000       Options.rate_limit_delay_max_milliseconds: 100
2020/04/09-16:20:51.799946 1029ca000                Options.disable_auto_compactions: 1
2020/04/09-16:20:51.799948 1029ca000                        Options.compaction_style: kCompactionStyleLevel
2020/04/09-16:20:51.799949 1029ca000                          Options.compaction_pri: kMinOverlappingRatio
2020/04/09-16:20:51.799950 1029ca000 Options.compaction_options_universal.size_ratio: 1
2020/04/09-16:20:51.799951 1029ca000 Options.compaction_options_universal.min_merge_width: 2
2020/04/09-16:20:51.799952 1029ca000 Options.compaction_options_universal.max_merge_width: 4294967295
2020/04/09-16:20:51.799954 1029ca000 Options.compaction_options_universal.max_size_amplification_percent: 200
2020/04/09-16:20:51.799955 1029ca000 Options.compaction_options_universal.compression_size_percent: -1
2020/04/09-16:20:51.799956 1029ca000 Options.compaction_options_universal.stop_style: kCompactionStopStyleTotalSize
2020/04/09-16:20:51.799957 1029ca000 Options.compaction_options_fifo.max_table_files_size: 1073741824
2020/04/09-16:20:51.799958 1029ca000 Options.compaction_options_fifo.allow_compaction: 0
2020/04/09-16:20:51.799960 1029ca000                   Options.table_properties_collectors: 
2020/04/09-16:20:51.799961 1029ca000                   Options.inplace_update_support: 0
2020/04/09-16:20:51.799962 1029ca000                 Options.inplace_update_num_locks: 10000
2020/04/09-16:20:51.799963 1029ca000               Options.memtable_prefix_bloom_size_ratio: 0.000000
2020/04/09-16:20:51.799964 1029ca000               Options.memtable_whole_key_filtering: 0
2020/04/09-16:20:51.799965 1029ca000   Options.memtable_huge_page_size: 0
2020/04/09-16:20:51.799966 1029ca000                           Options.bloom_locality: 0
2020/04/09-16:20:51.799967 1029ca000                    Options.max_successive_merges: 0
2020/04/09-16:20:51.799968 1029ca000                Options.optimize_filters_for_hits: 0
2020/04/09-16:20:51.799969 1029ca000                Options.paranoid_file_checks: 0
2020/04/09-16:20:51.799971 1029ca000                Options.force_consistency_checks: 0
2020/04/09-16:20:51.799972 1029ca000                Options.report_bg_io_stats: 0
2020/04/09-16:20:51.799973 1029ca000                               Options.ttl: 0
2020/04/09-16:20:51.799974 1029ca000          Options.periodic_compaction_seconds: 0
2020/04/09-16:20:51.800017 1029ca000 [lumn_family.cc:481] --------------- Options for column family []:
2020/04/09-16:20:51.800019 1029ca000               Options.comparator: leveldb.BytewiseComparator
2020/04/09-16:20:51.800020 1029ca000           Options.merge_operator: None
2020/04/09-16:20:51.800021 1029ca000        Options.compaction_filter: None
2020/04/09-16:20:51.800022 1029ca000        Options.compaction_filter_factory: None
2020/04/09-16:20:51.800024 1029ca000         Options.memtable_factory: SkipListFactory
2020/04/09-16:20:51.800025 1029ca000            Options.table_factory: BlockBasedTable
2020/04/09-16:20:51.800037 1029ca000            table_factory options:   flush_block_policy_factory: FlushBlockBySizePolicyFactory (0x7fe6ed2fbd70)
  cache_index_and_filter_blocks: 0
  cache_index_and_filter_blocks_with_high_priority: 1
  pin_l0_filter_and_index_blocks_in_cache: 0
  pin_top_level_index_and_filter: 1
  index_type: 0
  data_block_index_type: 0
  index_shortening: 1
  data_block_hash_table_util_ratio: 0.750000
  hash_index_allow_collision: 1
  checksum: 1
  no_block_cache: 0
  block_cache: 0x7fe6ed600c18
  block_cache_name: LRUCache
  block_cache_options:
    capacity : 8388608
    num_shard_bits : 4
    strict_capacity_limit : 0
    memory_allocator : None
    high_pri_pool_ratio: 0.000
  block_cache_compressed: 0x0
  persistent_cache: 0x0
  block_size: 4096
  block_size_deviation: 10
  block_restart_interval: 16
  index_block_restart_interval: 1
  metadata_block_size: 4096
  partition_filters: 0
  use_delta_encoding: 1
  filter_policy: nullptr
  whole_key_filtering: 1
  verify_compression: 0
  read_amp_bytes_per_bit: 0
  format_version: 2
  enable_index_compression: 1
  block_align: 0
2020/04/09-16:20:51.800038 1029ca000        Options.write_buffer_size: 67108864
2020/04/09-16:20:51.800039 1029ca000  Options.max_write_buffer_number: 2
2020/04/09-16:20:51.800040 1029ca000          Options.compression: Snappy
2020/04/09-16:20:51.800041 1029ca000                  Options.bottommost_compression: Disabled
2020/04/09-16:20:51.800042 1029ca000       Options.prefix_extractor: nullptr
2020/04/09-16:20:51.800044 1029ca000   Options.memtable_insert_with_hint_prefix_extractor: nullptr
2020/04/09-16:20:51.800045 1029ca000             Options.num_levels: 7
2020/04/09-16:20:51.800046 1029ca000        Options.min_write_buffer_number_to_merge: 1
2020/04/09-16:20:51.800047 1029ca000     Options.max_write_buffer_number_to_maintain: 2
2020/04/09-16:20:51.800048 1029ca000            Options.bottommost_compression_opts.window_bits: -14
2020/04/09-16:20:51.800049 1029ca000                  Options.bottommost_compression_opts.level: 32767
2020/04/09-16:20:51.800050 1029ca000               Options.bottommost_compression_opts.strategy: 0
2020/04/09-16:20:51.800051 1029ca000         Options.bottommost_compression_opts.max_dict_bytes: 0
2020/04/09-16:20:51.800052 1029ca000         Options.bottommost_compression_opts.zstd_max_train_bytes: 0
2020/04/09-16:20:51.800053 1029ca000                  Options.bottommost_compression_opts.enabled: false
2020/04/09-16:20:51.800055 1029ca000            Options.compression_opts.window_bits: -14
2020/04/09-16:20:51.800056 1029ca000                  Options.compression_opts.level: 32767
2020/04/09-16:20:51.800057 1029ca000               Options.compression_opts.strategy: 0
2020/04/09-16:20:51.800058 1029ca000         Options.compression_opts.max_dict_bytes: 0
2020/04/09-16:20:51.800059 1029ca000         Options.compression_opts.zstd_max_train_bytes: 0
2020/04/09-16:20:51.800060 1029ca000                  Options.compression_opts.enabled: false
2020/04/09-16:20:51.800061 1029ca000      Options.level0_file_num_compaction_trigger: 4
2020/04/09-16:20:51.800062 1029ca000          Options.level0_slowdown_writes_trigger: 20
2020/04/09-16:20:51.800063 1029ca000              Options.level0_stop_writes_trigger: 36
2020/04/09-16:20:51.800064 1029ca000                   Options.target_file_size_base: 67108864
2020/04/09-16:20:51.800065 1029ca000             Options.target_file_size_multiplier: 1
2020/04/09-16:20:51.800066 1029ca000                Options.max_bytes_for_level_base: 268435456
2020/04/09-16:20:51.800067 1029ca000                      Options.snap_refresh_nanos: 0
2020/04/09-16:20:51.800069 1029ca000 Options.level_compaction_dynamic_level_bytes: 0
2020/04/09-16:20:51.800070 1029ca000          Options.max_bytes_for_level_multiplier: 10.000000
2020/04/09-16:20:51.800071 1029ca000 Options.max_bytes_for_level_multiplier_addtl[0]: 1
2020/04/09-16:20:51.800072 1029ca000 Options.max_bytes_for_level_multiplier_addtl[1]: 1
2020/04/09-16:20:51.800073 1029ca000 Options.max_bytes_for_level_multiplier_addtl[2]: 1
2020/04/09-16:20:51.800074 1029ca000 Options.max_bytes_for_level_multiplier_addtl[3]: 1
2020/04/09-16:20:51.800075 1029ca000 Options.max_bytes_for_level_multiplier_addtl[4]: 1
2020/04/09-16:20:51.800076 1029ca000 Options.max_bytes_for_level_multiplier_addtl[5]: 1
2020/04/09-16:20:51.800077 1029ca000 Options.max_bytes_for_level_multiplier_addtl[6]: 1
2020/04/09-16:20:51.800078 1029ca000       Options.max_sequential_skip_in_iterations: 8
2020/04/09-16:20:51.800080 1029ca000                    Options.max_compaction_bytes: 1677721600
2020/04/09-16:20:51.800081 1029ca000                        Options.arena_block_size: 8388608
2020/04/09-16:20:51.800082 1029ca000   Options.soft_pending_compaction_bytes_limit: 68719476736
2020/04/09-16:20:51.800083 1029ca000   Options.hard_pending_compaction_bytes_limit: 274877906944
2020/04/09-16:20:51.800084 1029ca000       Options.rate_limit_delay_max_milliseconds: 100
2020/04/09-16:20:51.800085 1029ca000                Options.disable_auto_compactions: 1
2020/04/09-16:20:51.800086 1029ca000                        Options.compaction_style: kCompactionStyleLevel
2020/04/09-16:20:51.800087 1029ca000                          Options.compaction_pri: kMinOverlappingRatio
2020/04/09-16:20:51.800088 1029ca000 Options.compaction_options_universal.size_ratio: 1
2020/04/09-16:20:51.800089 1029ca000 Options.compaction_options_universal.min_merge_width: 2
2020/04/09-16:20:51.800090 1029ca000 Options.compaction_options_universal.max_merge_width: 4294967295
2020/04/09-16:20:51.800092 1029ca000 Options.compaction_options_universal.max_size_amplification_percent: 200
2020/04/09-16:20:51.800093 1029ca000 Options.compaction_options_universal.compression_size_percent: -1
2020/04/09-16:20:51.800094 1029ca000 Options.compaction_options_universal.stop_style: kCompactionStopStyleTotalSize
2020/04/09-16:20:51.800095 1029ca000 Options.compaction_options_fifo.max_table_files_size: 1073741824
2020/04/09-16:20:51.800096 1029ca000 Options.compaction_options_fifo.allow_compaction: 0
2020/04/09-16:20:51.800097 1029ca000                   Options.table_properties_collectors: 
2020/04/09-16:20:51.800098 1029ca000                   Options.inplace_update_support: 0
2020/04/09-16:20:51.800099 1029ca000                 Options.inplace_update_num_locks: 10000
2020/04/09-16:20:51.800100 1029ca000               Options.memtable_prefix_bloom_size_ratio: 0.000000
2020/04/09-16:20:51.800101 1029ca000               Options.memtable_whole_key_filtering: 0
2020/04/09-16:20:51.800103 1029ca000   Options.memtable_huge_page_size: 0
2020/04/09-16:20:51.800104 1029ca000                           Options.bloom_locality: 0
2020/04/09-16:20:51.800105 1029ca000                    Options.max_successive_merges: 0
2020/04/09-16:20:51.800106 1029ca000                Options.optimize_filters_for_hits: 0
2020/04/09-16:20:51.800107 1029ca000                Options.paranoid_file_checks: 0
2020/04/09-16:20:51.800108 1029ca000                Options.force_consistency_checks: 0
2020/04/09-16:20:51.800109 1029ca000                Options.report_bg_io_stats: 0
2020/04/09-16:20:51.800110 1029ca000                               Options.ttl: 0
2020/04/09-16:20:51.800111 1029ca000          Options.periodic_compaction_seconds: 0
2020/04/09-16:20:51.800140 1029ca000 [lumn_family.cc:481] --------------- Options for column family []:
2020/04/09-16:20:51.800142 1029ca000               Options.comparator: leveldb.BytewiseComparator
2020/04/09-16:20:51.800143 1029ca000           Options.merge_operator: None
2020/04/09-16:20:51.800144 1029ca000        Options.compaction_filter: None
2020/04/09-16:20:51.800145 1029ca000        Options.compaction_filter_factory: None
2020/04/09-16:20:51.800146 1029ca000         Options.memtable_factory: SkipListFactory
2020/04/09-16:20:51.800147 1029ca000            Options.table_factory: BlockBasedTable
2020/04/09-16:20:51.800158 1029ca000            table_factory options:   flush_block_policy_factory: FlushBlockBySizePolicyFactory (0x7fe6ed600cf0)
  cache_index_and_filter_blocks: 0
  cache_index_and_filter_blocks_with_high_priority: 1
  pin_l0_filter_and_index_blocks_in_cache: 0
  pin_top_level_index_and_filter: 1
  index_type: 0
  data_block_index_type: 0
  index_shortening: 1
  data_block_hash_table_util_ratio: 0.750000
  hash_index_allow_collision: 1
  checksum: 1
  no_block_cache: 0
  block_cache: 0x7fe6ed601d98
  block_cache_name: LRUCache
  block_cache_options:
    capacity : 8388608
    num_shard_bits : 4
    strict_capacity_limit : 0
    memory_allocator : None
    high_pri_pool_ratio: 0.000
  block_cache_compressed: 0x0
  persistent_cache: 0x0
  block_size: 4096
  block_size_deviation: 10
  block_restart_interval: 16
  index_block_restart_interval: 1
  metadata_block_size: 4096
  partition_filters: 0
  use_delta_encoding: 1
  filter_policy: nullptr
  whole_key_filtering: 1
  verify_compression: 0
  read_amp_bytes_per_bit: 0
  format_version: 2
  enable_index_compression: 1
  block_align: 0
2020/04/09-16:20:51.800159 1029ca000        Options.write_buffer_size: 67108864
2020/04/09-16:20:51.800160 1029ca000  Options.max_write_buffer_number: 2
2020/04/09-16:20:51.800161 1029ca000          Options.compression: Snappy
2020/04/09-16:20:51.800162 1029ca000                  Options.bottommost_compression: Disabled
2020/04/09-16:20:51.800163 1029ca000       Options.prefix_extractor: nullptr
2020/04/09-16:20:51.800165 1029ca000   Options.memtable_insert_with_hint_prefix_extractor: nullptr
2020/04/09-16:20:51.800166 1029ca000             Options.num_levels: 7
2020/04/09-16:20:51.800167 1029ca000        Options.min_write_buffer_number_to_merge: 1
2020/04/09-16:20:51.800168 1029ca000     Options.max_write_buffer_number_to_maintain: 2
2020/04/09-16:20:51.800169 1029ca000            Options.bottommost_compression_opts.window_bits: -14
2020/04/09-16:20:51.800170 1029ca000                  Options.bottommost_compression_opts.level: 32767
2020/04/09-16:20:51.800171 1029ca000               Options.bottommost_compression_opts.strategy: 0
2020/04/09-16:20:51.800172 1029ca000         Options.bottommost_compression_opts.max_dict_bytes: 0
2020/04/09-16:20:51.800173 1029ca000         Options.bottommost_compression_opts.zstd_max_train_bytes: 0
2020/04/09-16:20:51.800174 1029ca000                  Options.bottommost_compression_opts.enabled: false
2020/04/09-16:20:51.800175 1029ca000            Options.compression_opts.window_bits: -14
2020/04/09-16:20:51.800177 1029ca000                  Options.compression_opts.level: 32767
2020/04/09-16:20:51.800178 1029ca000               Options.compression_opts.strategy: 0
2020/04/09-16:20:51.800179 1029ca000         Options.compression_opts.max_dict_bytes: 0
2020/04/09-16:20:51.800180 1029ca000         Options.compression_opts.zstd_max_train_bytes: 0
2020/04/09-16:20:51.800181 1029ca000                  Options.compression_opts.enabled: false
2020/04/09-16:20:51.800182 1029ca000      Options.level0_file_num_compaction_trigger: 4
2020/04/09-16:20:51.800183 1029ca000          Options.level0_slowdown_writes_trigger: 20
2020/04/09-16:20:51.800184 1029ca000              Options.level0_stop_writes_trigger: 36
2020/04/09-16:20:51.800185 1029ca000                   Options.target_file_size_base: 67108864
2020/04/09-16:20:51.800186 1029ca000             Options.target_file_size_multiplier: 1
2020/04/09-16:20:51.800187 1029ca000                Options.max_bytes_for_level_base: 268435456
2020/04/09-16:20:51.800188 1029ca000                      Options.snap_refresh_nanos: 0
2020/04/09-16:20:51.800189 1029ca000 Options.level_compaction_dynamic_level_bytes: 0
2020/04/09-16:20:51.800191 1029ca000          Options.max_bytes_for_level_multiplier: 10.000000
2020/04/09-16:20:51.800192 1029ca000 Options.max_bytes_for_level_multiplier_addtl[0]: 1
2020/04/09-16:20:51.800193 1029ca000 Options.max_bytes_for_level_multiplier_addtl[1]: 1
2020/04/09-16:20:51.800194 1029ca000 Options.max_bytes_for_level_multiplier_addtl[2]: 1
2020/04/09-16:20:51.800195 1029ca000 Options.max_bytes_for_level_multiplier_addtl[3]: 1
2020/04/09-16:20:51.800196 1029ca000 Options.max_bytes_for_level_multiplier_addtl[4]: 1
2020/04/09-16:20:51.800197 1029ca000 Options.max_bytes_for_level_multiplier_addtl[5]: 1
2020/04/09-16:20:51.800199 1029ca000 Options.max_bytes_for_level_multiplier_addtl[6]: 1
2020/04/09-16:20:51.800201 1029ca000       Options.max_sequential_skip_in_iterations: 8
2020/04/09-16:20:51.800203 1029ca000                    Options.max_compaction_bytes: 1677721600
2020/04/09-16:20:51.800204 1029ca000                        Options.arena_block_size: 8388608
2020/04/09-16:20:51.800206 1029ca000   Options.soft_pending_compaction_bytes_limit: 68719476736
2020/04/09-16:20:51.800208 1029ca000   Options.hard_pending_compaction_bytes_limit: 274877906944
2020/04/09-16:20:51.800210 1029ca000       Options.rate_limit_delay_max_milliseconds: 100
2020/04/09-16:20:51.800211 1029ca000                Options.disable_auto_compactions: 1
2020/04/09-16:20:51.800213 1029ca000                        Options.compaction_style: kCompactionStyleLevel
2020/04/09-16:20:51.800215 1029ca000                          Options.compaction_pri: kMinOverlappingRatio
2020/04/09-16:20:51.800217 1029ca000 Options.compaction_options_universal.size_ratio: 1
2020/04/09-16:20:51.800219 1029ca000 Options.compaction_options_universal.min_merge_width: 2
2020/04/09-16:20:51.800221 1029ca000 Options.compaction_options_universal.max_merge_width: 4294967295
2020/04/09-16:20:51.800223 1029ca000 Options.compaction_options_universal.max_size_amplification_percent: 200
2020/04/09-16:20:51.800224 1029ca000 Options.compaction_options_universal.compression_size_percent: -1
2020/04/09-16:20:51.800226 1029ca000 Options.compaction_options_universal.stop_style: kCompactionStopStyleTotalSize
2020/04/09-16:20:51.800228 1029ca000 Options.compaction_options_fifo.max_table_files_size: 1073741824
2020/04/09-16:20:51.800230 1029ca000 Options.compaction_options_fifo.allow_compaction: 0
2020/04/09-16:20:51.800232 1029ca000                   Options.table_properties_collectors: 
2020/04/09-16:20:51.800234 1029ca000                   Options.inplace_update_support: 0
2020/04/09-16:20:51.800235 1029ca000                 Options.inplace_update_num_locks: 10000
2020/04/09-16:20:51.800237 1029ca000               Options.memtable_prefix_bloom_size_ratio: 0.000000
2020/04/09-16:20:51.800239 1029ca000               Options.memtable_whole_key_filtering: 0
2020/04/09-16:20:51.800241 1029ca000   Options.memtable_huge_page_size: 0
2020/04/09-16:20:51.800243 1029ca000                           Options.bloom_locality: 0
2020/04/09-16:20:51.800244 1029ca000                    Options.max_successive_merges: 0
2020/04/09-16:20:51.800246 1029ca000                Options.optimize_filters_for_hits: 0
2020/04/09-16:20:51.800248 1029ca000                Options.paranoid_file_checks: 0
2020/04/09-16:20:51.800249 1029ca000                Options.force_consistency_checks: 0
2020/04/09-16:20:51.800251 1029ca000                Options.report_bg_io_stats: 0
2020/04/09-16:20:51.800253 1029ca000                               Options.ttl: 0
