2020/04/09-15:55:15.233643 104d1d000 RocksDB version: 6.4.6
2020/04/09-15:55:15.233709 104d1d000 Git sha rocksdb_build_git_sha:e3169e3ea8762d2f34880742106858a23c8dc8b7
2020/04/09-15:55:15.233712 104d1d000 Compile date Nov 24 2019
2020/04/09-15:55:15.233717 104d1d000 DB SUMMARY
2020/04/09-15:55:15.233751 104d1d000 SST files in /Users/Happpyyyyyyy/besu Project/Personal_code/IBFT-Network/Node-1/data/database dir, Total Num: 0, files: 
2020/04/09-15:55:15.233754 104d1d000 Write Ahead Log file in /Users/Happpyyyyyyy/besu Project/Personal_code/IBFT-Network/Node-1/data/database: 
2020/04/09-15:55:15.233756 104d1d000                         Options.error_if_exists: 0
2020/04/09-15:55:15.233760 104d1d000                       Options.create_if_missing: 1
2020/04/09-15:55:15.233761 104d1d000                         Options.paranoid_checks: 1
2020/04/09-15:55:15.233762 104d1d000                                     Options.env: 0x127cd40d0
2020/04/09-15:55:15.233763 104d1d000                                Options.info_log: 0x7fcd1bcde9c0
2020/04/09-15:55:15.233765 104d1d000                Options.max_file_opening_threads: 16
2020/04/09-15:55:15.233766 104d1d000                              Options.statistics: 0x7fcd1bcda080
2020/04/09-15:55:15.233767 104d1d000                               Options.use_fsync: 0
2020/04/09-15:55:15.233770 104d1d000                       Options.max_log_file_size: 0
2020/04/09-15:55:15.233771 104d1d000                  Options.max_manifest_file_size: 1073741824
2020/04/09-15:55:15.233773 104d1d000                   Options.log_file_time_to_roll: 0
2020/04/09-15:55:15.233774 104d1d000                       Options.keep_log_file_num: 1000
2020/04/09-15:55:15.233775 104d1d000                    Options.recycle_log_file_num: 0
2020/04/09-15:55:15.233776 104d1d000                         Options.allow_fallocate: 1
2020/04/09-15:55:15.233777 104d1d000                        Options.allow_mmap_reads: 0
2020/04/09-15:55:15.233778 104d1d000                       Options.allow_mmap_writes: 0
2020/04/09-15:55:15.233779 104d1d000                        Options.use_direct_reads: 0
2020/04/09-15:55:15.233780 104d1d000                        Options.use_direct_io_for_flush_and_compaction: 0
2020/04/09-15:55:15.233781 104d1d000          Options.create_missing_column_families: 1
2020/04/09-15:55:15.233782 104d1d000                              Options.db_log_dir: 
2020/04/09-15:55:15.233783 104d1d000                                 Options.wal_dir: /Users/Happpyyyyyyy/besu Project/Personal_code/IBFT-Network/Node-1/data/database
2020/04/09-15:55:15.233785 104d1d000                Options.table_cache_numshardbits: 6
2020/04/09-15:55:15.233786 104d1d000                      Options.max_subcompactions: 1
2020/04/09-15:55:15.233787 104d1d000                  Options.max_background_flushes: -1
2020/04/09-15:55:15.233788 104d1d000                         Options.WAL_ttl_seconds: 0
2020/04/09-15:55:15.233789 104d1d000                       Options.WAL_size_limit_MB: 0
2020/04/09-15:55:15.233790 104d1d000             Options.manifest_preallocation_size: 4194304
2020/04/09-15:55:15.233791 104d1d000                     Options.is_fd_close_on_exec: 1
2020/04/09-15:55:15.233792 104d1d000                   Options.advise_random_on_open: 1
2020/04/09-15:55:15.233793 104d1d000                    Options.db_write_buffer_size: 0
2020/04/09-15:55:15.233794 104d1d000                    Options.write_buffer_manager: 0x7fcd1bcde960
2020/04/09-15:55:15.233795 104d1d000         Options.access_hint_on_compaction_start: 1
2020/04/09-15:55:15.233796 104d1d000  Options.new_table_reader_for_compaction_inputs: 0
2020/04/09-15:55:15.233797 104d1d000           Options.random_access_max_buffer_size: 1048576
2020/04/09-15:55:15.233798 104d1d000                      Options.use_adaptive_mutex: 0
2020/04/09-15:55:15.233799 104d1d000                            Options.rate_limiter: 0x0
2020/04/09-15:55:15.233801 104d1d000     Options.sst_file_manager.rate_bytes_per_sec: 0
2020/04/09-15:55:15.233802 104d1d000                       Options.wal_recovery_mode: 2
2020/04/09-15:55:15.233803 104d1d000                  Options.enable_thread_tracking: 0
2020/04/09-15:55:15.233804 104d1d000                  Options.enable_pipelined_write: 0
2020/04/09-15:55:15.233805 104d1d000                  Options.unordered_write: 0
2020/04/09-15:55:15.233806 104d1d000         Options.allow_concurrent_memtable_write: 1
2020/04/09-15:55:15.233807 104d1d000      Options.enable_write_thread_adaptive_yield: 1
2020/04/09-15:55:15.233808 104d1d000             Options.write_thread_max_yield_usec: 100
2020/04/09-15:55:15.233809 104d1d000            Options.write_thread_slow_yield_usec: 3
2020/04/09-15:55:15.233810 104d1d000                               Options.row_cache: None
2020/04/09-15:55:15.233811 104d1d000                              Options.wal_filter: None
2020/04/09-15:55:15.233812 104d1d000             Options.avoid_flush_during_recovery: 0
2020/04/09-15:55:15.233813 104d1d000             Options.allow_ingest_behind: 0
2020/04/09-15:55:15.233814 104d1d000             Options.preserve_deletes: 0
2020/04/09-15:55:15.233815 104d1d000             Options.two_write_queues: 0
2020/04/09-15:55:15.233816 104d1d000             Options.manual_wal_flush: 0
2020/04/09-15:55:15.233817 104d1d000             Options.atomic_flush: 0
2020/04/09-15:55:15.233818 104d1d000             Options.avoid_unnecessary_blocking_io: 0
2020/04/09-15:55:15.233819 104d1d000                 Options.persist_stats_to_disk: 0
2020/04/09-15:55:15.233820 104d1d000                 Options.log_readahead_size: 0
2020/04/09-15:55:15.233822 104d1d000             Options.max_background_jobs: 2
2020/04/09-15:55:15.233823 104d1d000             Options.max_background_compactions: 4
2020/04/09-15:55:15.233824 104d1d000             Options.avoid_flush_during_shutdown: 0
2020/04/09-15:55:15.233825 104d1d000           Options.writable_file_max_buffer_size: 1048576
2020/04/09-15:55:15.233826 104d1d000             Options.delayed_write_rate : 16777216
2020/04/09-15:55:15.233827 104d1d000             Options.max_total_wal_size: 0
2020/04/09-15:55:15.233828 104d1d000             Options.delete_obsolete_files_period_micros: 21600000000
2020/04/09-15:55:15.233829 104d1d000                   Options.stats_dump_period_sec: 600
2020/04/09-15:55:15.233830 104d1d000                 Options.stats_persist_period_sec: 600
2020/04/09-15:55:15.233831 104d1d000                 Options.stats_history_buffer_size: 1048576
2020/04/09-15:55:15.233832 104d1d000                          Options.max_open_files: 1024
2020/04/09-15:55:15.233833 104d1d000                          Options.bytes_per_sync: 0
2020/04/09-15:55:15.233834 104d1d000                      Options.wal_bytes_per_sync: 0
2020/04/09-15:55:15.233835 104d1d000                   Options.strict_bytes_per_sync: 0
2020/04/09-15:55:15.233836 104d1d000       Options.compaction_readahead_size: 0
2020/04/09-15:55:15.233837 104d1d000 Compression algorithms supported:
2020/04/09-15:55:15.233842 104d1d000 	kZSTD supported: 1
2020/04/09-15:55:15.233843 104d1d000 	kZlibCompression supported: 1
2020/04/09-15:55:15.233844 104d1d000 	kXpressCompression supported: 0
2020/04/09-15:55:15.233846 104d1d000 	kSnappyCompression supported: 1
2020/04/09-15:55:15.233847 104d1d000 	kZSTDNotFinalCompression supported: 1
2020/04/09-15:55:15.233848 104d1d000 	kLZ4HCCompression supported: 1
2020/04/09-15:55:15.233849 104d1d000 	kLZ4Compression supported: 1
2020/04/09-15:55:15.233850 104d1d000 	kBZip2Compression supported: 1
2020/04/09-15:55:15.233853 104d1d000 Fast CRC32 supported: Not supported on x86
2020/04/09-15:55:15.233998 104d1d000 [_impl/db_impl_open.cc:240] Creating manifest 1 
2020/04/09-15:55:15.235350 104d1d000 [rsion_set.cc:4252] Recovering from manifest file: /Users/Happpyyyyyyy/besu Project/Personal_code/IBFT-Network/Node-1/data/database/MANIFEST-000001
2020/04/09-15:55:15.235419 104d1d000 [lumn_family.cc:481] --------------- Options for column family [default]:
2020/04/09-15:55:15.235425 104d1d000               Options.comparator: leveldb.BytewiseComparator
2020/04/09-15:55:15.235427 104d1d000           Options.merge_operator: None
2020/04/09-15:55:15.235428 104d1d000        Options.compaction_filter: None
2020/04/09-15:55:15.235429 104d1d000        Options.compaction_filter_factory: None
2020/04/09-15:55:15.235431 104d1d000         Options.memtable_factory: SkipListFactory
2020/04/09-15:55:15.235432 104d1d000            Options.table_factory: BlockBasedTable
2020/04/09-15:55:15.235457 104d1d000            table_factory options:   flush_block_policy_factory: FlushBlockBySizePolicyFactory (0x7fcd1bcdaf90)
  cache_index_and_filter_blocks: 0
  cache_index_and_filter_blocks_with_high_priority: 0
  pin_l0_filter_and_index_blocks_in_cache: 0
  pin_top_level_index_and_filter: 1
  index_type: 0
  data_block_index_type: 0
  index_shortening: 1
  data_block_hash_table_util_ratio: 0.750000
  hash_index_allow_collision: 1
  checksum: 1
  no_block_cache: 0
  block_cache: 0x7fcd1bcda7f8
  block_cache_name: LRUCache
  block_cache_options:
    capacity : 8388608
    num_shard_bits : 4
    strict_capacity_limit : 0
    memory_allocator : None
    high_pri_pool_ratio: 0.000
  block_cache_compressed: 0x0
  persistent_cache: 0x0
  block_size: 4096
  block_size_deviation: 10
  block_restart_interval: 16
  index_block_restart_interval: 1
  metadata_block_size: 4096
  partition_filters: 0
  use_delta_encoding: 1
  filter_policy: nullptr
  whole_key_filtering: 1
  verify_compression: 1
  read_amp_bytes_per_bit: 0
  format_version: 2
  enable_index_compression: 1
  block_align: 0
2020/04/09-15:55:15.235458 104d1d000        Options.write_buffer_size: 67108864
2020/04/09-15:55:15.235460 104d1d000  Options.max_write_buffer_number: 2
2020/04/09-15:55:15.235461 104d1d000          Options.compression: Snappy
2020/04/09-15:55:15.235462 104d1d000                  Options.bottommost_compression: Disabled
2020/04/09-15:55:15.235464 104d1d000       Options.prefix_extractor: nullptr
2020/04/09-15:55:15.235465 104d1d000   Options.memtable_insert_with_hint_prefix_extractor: nullptr
2020/04/09-15:55:15.235466 104d1d000             Options.num_levels: 7
2020/04/09-15:55:15.235467 104d1d000        Options.min_write_buffer_number_to_merge: 1
2020/04/09-15:55:15.235469 104d1d000     Options.max_write_buffer_number_to_maintain: 2
2020/04/09-15:55:15.235470 104d1d000            Options.bottommost_compression_opts.window_bits: -14
2020/04/09-15:55:15.235471 104d1d000                  Options.bottommost_compression_opts.level: 32767
2020/04/09-15:55:15.235475 104d1d000               Options.bottommost_compression_opts.strategy: 0
2020/04/09-15:55:15.235477 104d1d000         Options.bottommost_compression_opts.max_dict_bytes: 0
2020/04/09-15:55:15.235478 104d1d000         Options.bottommost_compression_opts.zstd_max_train_bytes: 0
2020/04/09-15:55:15.235480 104d1d000                  Options.bottommost_compression_opts.enabled: false
2020/04/09-15:55:15.235481 104d1d000            Options.compression_opts.window_bits: -14
2020/04/09-15:55:15.235483 104d1d000                  Options.compression_opts.level: 32767
2020/04/09-15:55:15.235484 104d1d000               Options.compression_opts.strategy: 0
2020/04/09-15:55:15.235485 104d1d000         Options.compression_opts.max_dict_bytes: 0
2020/04/09-15:55:15.235486 104d1d000         Options.compression_opts.zstd_max_train_bytes: 0
2020/04/09-15:55:15.235487 104d1d000                  Options.compression_opts.enabled: false
2020/04/09-15:55:15.235489 104d1d000      Options.level0_file_num_compaction_trigger: 4
2020/04/09-15:55:15.235490 104d1d000          Options.level0_slowdown_writes_trigger: 20
2020/04/09-15:55:15.235491 104d1d000              Options.level0_stop_writes_trigger: 36
2020/04/09-15:55:15.235492 104d1d000                   Options.target_file_size_base: 67108864
2020/04/09-15:55:15.235493 104d1d000             Options.target_file_size_multiplier: 1
2020/04/09-15:55:15.235494 104d1d000                Options.max_bytes_for_level_base: 268435456
2020/04/09-15:55:15.235496 104d1d000                      Options.snap_refresh_nanos: 0
2020/04/09-15:55:15.235497 104d1d000 Options.level_compaction_dynamic_level_bytes: 0
2020/04/09-15:55:15.235498 104d1d000          Options.max_bytes_for_level_multiplier: 10.000000
2020/04/09-15:55:15.235500 104d1d000 Options.max_bytes_for_level_multiplier_addtl[0]: 1
2020/04/09-15:55:15.235501 104d1d000 Options.max_bytes_for_level_multiplier_addtl[1]: 1
2020/04/09-15:55:15.235502 104d1d000 Options.max_bytes_for_level_multiplier_addtl[2]: 1
2020/04/09-15:55:15.235504 104d1d000 Options.max_bytes_for_level_multiplier_addtl[3]: 1
2020/04/09-15:55:15.235505 104d1d000 Options.max_bytes_for_level_multiplier_addtl[4]: 1
2020/04/09-15:55:15.235506 104d1d000 Options.max_bytes_for_level_multiplier_addtl[5]: 1
2020/04/09-15:55:15.235507 104d1d000 Options.max_bytes_for_level_multiplier_addtl[6]: 1
2020/04/09-15:55:15.235508 104d1d000       Options.max_sequential_skip_in_iterations: 8
2020/04/09-15:55:15.235510 104d1d000                    Options.max_compaction_bytes: 1677721600
2020/04/09-15:55:15.235511 104d1d000                        Options.arena_block_size: 8388608
2020/04/09-15:55:15.235512 104d1d000   Options.soft_pending_compaction_bytes_limit: 68719476736
2020/04/09-15:55:15.235513 104d1d000   Options.hard_pending_compaction_bytes_limit: 274877906944
2020/04/09-15:55:15.235515 104d1d000       Options.rate_limit_delay_max_milliseconds: 100
2020/04/09-15:55:15.235516 104d1d000                Options.disable_auto_compactions: 1
2020/04/09-15:55:15.235517 104d1d000                        Options.compaction_style: kCompactionStyleLevel
2020/04/09-15:55:15.235519 104d1d000                          Options.compaction_pri: kMinOverlappingRatio
2020/04/09-15:55:15.235520 104d1d000 Options.compaction_options_universal.size_ratio: 1
2020/04/09-15:55:15.235521 104d1d000 Options.compaction_options_universal.min_merge_width: 2
2020/04/09-15:55:15.235523 104d1d000 Options.compaction_options_universal.max_merge_width: 4294967295
2020/04/09-15:55:15.235524 104d1d000 Options.compaction_options_universal.max_size_amplification_percent: 200
2020/04/09-15:55:15.235525 104d1d000 Options.compaction_options_universal.compression_size_percent: -1
2020/04/09-15:55:15.235527 104d1d000 Options.compaction_options_universal.stop_style: kCompactionStopStyleTotalSize
2020/04/09-15:55:15.235528 104d1d000 Options.compaction_options_fifo.max_table_files_size: 1073741824
2020/04/09-15:55:15.235529 104d1d000 Options.compaction_options_fifo.allow_compaction: 0
2020/04/09-15:55:15.235530 104d1d000                   Options.table_properties_collectors: 
2020/04/09-15:55:15.235532 104d1d000                   Options.inplace_update_support: 0
2020/04/09-15:55:15.235533 104d1d000                 Options.inplace_update_num_locks: 10000
2020/04/09-15:55:15.235537 104d1d000               Options.memtable_prefix_bloom_size_ratio: 0.000000
2020/04/09-15:55:15.235539 104d1d000               Options.memtable_whole_key_filtering: 0
2020/04/09-15:55:15.235540 104d1d000   Options.memtable_huge_page_size: 0
2020/04/09-15:55:15.235541 104d1d000                           Options.bloom_locality: 0
2020/04/09-15:55:15.235542 104d1d000                    Options.max_successive_merges: 0
2020/04/09-15:55:15.235543 104d1d000                Options.optimize_filters_for_hits: 0
2020/04/09-15:55:15.235544 104d1d000                Options.paranoid_file_checks: 0
2020/04/09-15:55:15.235546 104d1d000                Options.force_consistency_checks: 0
2020/04/09-15:55:15.235547 104d1d000                Options.report_bg_io_stats: 0
2020/04/09-15:55:15.235548 104d1d000                               Options.ttl: 0
2020/04/09-15:55:15.235549 104d1d000          Options.periodic_compaction_seconds: 0
2020/04/09-15:55:15.236086 104d1d000 [rsion_set.cc:4412] Recovered from manifest file:/Users/Happpyyyyyyy/besu Project/Personal_code/IBFT-Network/Node-1/data/database/MANIFEST-000001 succeeded,manifest_file_number is 1, next_file_number is 3, last_sequence is 0, log_number is 0,prev_log_number is 0,max_column_family is 0,min_log_number_to_keep is 0
2020/04/09-15:55:15.236092 104d1d000 [rsion_set.cc:4421] Column family [default] (ID 0), log number is 0
2020/04/09-15:55:15.236263 104d1d000 [rsion_set.cc:3661] Creating manifest 4
2020/04/09-15:55:15.237131 104d1d000 [lumn_family.cc:481] --------------- Options for column family []:
2020/04/09-15:55:15.237136 104d1d000               Options.comparator: leveldb.BytewiseComparator
2020/04/09-15:55:15.237138 104d1d000           Options.merge_operator: None
2020/04/09-15:55:15.237139 104d1d000        Options.compaction_filter: None
2020/04/09-15:55:15.237141 104d1d000        Options.compaction_filter_factory: None
2020/04/09-15:55:15.237142 104d1d000         Options.memtable_factory: SkipListFactory
2020/04/09-15:55:15.237143 104d1d000            Options.table_factory: BlockBasedTable
2020/04/09-15:55:15.237162 104d1d000            table_factory options:   flush_block_policy_factory: FlushBlockBySizePolicyFactory (0x7fcd1bcd4bf0)
  cache_index_and_filter_blocks: 0
  cache_index_and_filter_blocks_with_high_priority: 1
  pin_l0_filter_and_index_blocks_in_cache: 0
  pin_top_level_index_and_filter: 1
  index_type: 0
  data_block_index_type: 0
  index_shortening: 1
  data_block_hash_table_util_ratio: 0.750000
  hash_index_allow_collision: 1
  checksum: 1
  no_block_cache: 0
  block_cache: 0x7fcd1bcd5578
  block_cache_name: LRUCache
  block_cache_options:
    capacity : 8388608
    num_shard_bits : 4
    strict_capacity_limit : 0
    memory_allocator : None
    high_pri_pool_ratio: 0.000
  block_cache_compressed: 0x0
  persistent_cache: 0x0
  block_size: 4096
  block_size_deviation: 10
  block_restart_interval: 16
  index_block_restart_interval: 1
  metadata_block_size: 4096
  partition_filters: 0
  use_delta_encoding: 1
  filter_policy: nullptr
  whole_key_filtering: 1
  verify_compression: 0
  read_amp_bytes_per_bit: 0
  format_version: 2
  enable_index_compression: 1
  block_align: 0
2020/04/09-15:55:15.237164 104d1d000        Options.write_buffer_size: 67108864
2020/04/09-15:55:15.237165 104d1d000  Options.max_write_buffer_number: 2
2020/04/09-15:55:15.237166 104d1d000          Options.compression: Snappy
2020/04/09-15:55:15.237168 104d1d000                  Options.bottommost_compression: Disabled
2020/04/09-15:55:15.237169 104d1d000       Options.prefix_extractor: nullptr
2020/04/09-15:55:15.237171 104d1d000   Options.memtable_insert_with_hint_prefix_extractor: nullptr
2020/04/09-15:55:15.237172 104d1d000             Options.num_levels: 7
2020/04/09-15:55:15.237174 104d1d000        Options.min_write_buffer_number_to_merge: 1
2020/04/09-15:55:15.237175 104d1d000     Options.max_write_buffer_number_to_maintain: 2
2020/04/09-15:55:15.237176 104d1d000            Options.bottommost_compression_opts.window_bits: -14
2020/04/09-15:55:15.237178 104d1d000                  Options.bottommost_compression_opts.level: 32767
2020/04/09-15:55:15.237179 104d1d000               Options.bottommost_compression_opts.strategy: 0
2020/04/09-15:55:15.237180 104d1d000         Options.bottommost_compression_opts.max_dict_bytes: 0
2020/04/09-15:55:15.237182 104d1d000         Options.bottommost_compression_opts.zstd_max_train_bytes: 0
2020/04/09-15:55:15.237183 104d1d000                  Options.bottommost_compression_opts.enabled: false
2020/04/09-15:55:15.237184 104d1d000            Options.compression_opts.window_bits: -14
2020/04/09-15:55:15.237186 104d1d000                  Options.compression_opts.level: 32767
2020/04/09-15:55:15.237187 104d1d000               Options.compression_opts.strategy: 0
2020/04/09-15:55:15.237188 104d1d000         Options.compression_opts.max_dict_bytes: 0
2020/04/09-15:55:15.237190 104d1d000         Options.compression_opts.zstd_max_train_bytes: 0
2020/04/09-15:55:15.237191 104d1d000                  Options.compression_opts.enabled: false
2020/04/09-15:55:15.237192 104d1d000      Options.level0_file_num_compaction_trigger: 4
2020/04/09-15:55:15.237193 104d1d000          Options.level0_slowdown_writes_trigger: 20
2020/04/09-15:55:15.237195 104d1d000              Options.level0_stop_writes_trigger: 36
2020/04/09-15:55:15.237196 104d1d000                   Options.target_file_size_base: 67108864
2020/04/09-15:55:15.237197 104d1d000             Options.target_file_size_multiplier: 1
2020/04/09-15:55:15.237199 104d1d000                Options.max_bytes_for_level_base: 268435456
2020/04/09-15:55:15.237200 104d1d000                      Options.snap_refresh_nanos: 0
2020/04/09-15:55:15.237201 104d1d000 Options.level_compaction_dynamic_level_bytes: 0
2020/04/09-15:55:15.237202 104d1d000          Options.max_bytes_for_level_multiplier: 10.000000
2020/04/09-15:55:15.237204 104d1d000 Options.max_bytes_for_level_multiplier_addtl[0]: 1
2020/04/09-15:55:15.237206 104d1d000 Options.max_bytes_for_level_multiplier_addtl[1]: 1
2020/04/09-15:55:15.237207 104d1d000 Options.max_bytes_for_level_multiplier_addtl[2]: 1
2020/04/09-15:55:15.237208 104d1d000 Options.max_bytes_for_level_multiplier_addtl[3]: 1
2020/04/09-15:55:15.237210 104d1d000 Options.max_bytes_for_level_multiplier_addtl[4]: 1
2020/04/09-15:55:15.237211 104d1d000 Options.max_bytes_for_level_multiplier_addtl[5]: 1
2020/04/09-15:55:15.237212 104d1d000 Options.max_bytes_for_level_multiplier_addtl[6]: 1
2020/04/09-15:55:15.237213 104d1d000       Options.max_sequential_skip_in_iterations: 8
2020/04/09-15:55:15.237215 104d1d000                    Options.max_compaction_bytes: 1677721600
2020/04/09-15:55:15.237216 104d1d000                        Options.arena_block_size: 8388608
2020/04/09-15:55:15.237217 104d1d000   Options.soft_pending_compaction_bytes_limit: 68719476736
2020/04/09-15:55:15.237219 104d1d000   Options.hard_pending_compaction_bytes_limit: 274877906944
2020/04/09-15:55:15.237220 104d1d000       Options.rate_limit_delay_max_milliseconds: 100
2020/04/09-15:55:15.237221 104d1d000                Options.disable_auto_compactions: 1
2020/04/09-15:55:15.237223 104d1d000                        Options.compaction_style: kCompactionStyleLevel
2020/04/09-15:55:15.237224 104d1d000                          Options.compaction_pri: kMinOverlappingRatio
2020/04/09-15:55:15.237226 104d1d000 Options.compaction_options_universal.size_ratio: 1
2020/04/09-15:55:15.237227 104d1d000 Options.compaction_options_universal.min_merge_width: 2
2020/04/09-15:55:15.237228 104d1d000 Options.compaction_options_universal.max_merge_width: 4294967295
2020/04/09-15:55:15.237229 104d1d000 Options.compaction_options_universal.max_size_amplification_percent: 200
2020/04/09-15:55:15.237231 104d1d000 Options.compaction_options_universal.compression_size_percent: -1
2020/04/09-15:55:15.237232 104d1d000 Options.compaction_options_universal.stop_style: kCompactionStopStyleTotalSize
2020/04/09-15:55:15.237234 104d1d000 Options.compaction_options_fifo.max_table_files_size: 1073741824
2020/04/09-15:55:15.237235 104d1d000 Options.compaction_options_fifo.allow_compaction: 0
2020/04/09-15:55:15.237236 104d1d000                   Options.table_properties_collectors: 
2020/04/09-15:55:15.237238 104d1d000                   Options.inplace_update_support: 0
2020/04/09-15:55:15.237239 104d1d000                 Options.inplace_update_num_locks: 10000
2020/04/09-15:55:15.237240 104d1d000               Options.memtable_prefix_bloom_size_ratio: 0.000000
2020/04/09-15:55:15.237242 104d1d000               Options.memtable_whole_key_filtering: 0
2020/04/09-15:55:15.237243 104d1d000   Options.memtable_huge_page_size: 0
2020/04/09-15:55:15.237244 104d1d000                           Options.bloom_locality: 0
2020/04/09-15:55:15.237245 104d1d000                    Options.max_successive_merges: 0
2020/04/09-15:55:15.237247 104d1d000                Options.optimize_filters_for_hits: 0
2020/04/09-15:55:15.237248 104d1d000                Options.paranoid_file_checks: 0
2020/04/09-15:55:15.237249 104d1d000                Options.force_consistency_checks: 0
2020/04/09-15:55:15.237250 104d1d000                Options.report_bg_io_stats: 0
2020/04/09-15:55:15.237252 104d1d000                               Options.ttl: 0
2020/04/09-15:55:15.237253 104d1d000          Options.periodic_compaction_seconds: 0
2020/04/09-15:55:15.237331 104d1d000 [_impl/db_impl.cc:2101] Created column family [] (ID 1)
2020/04/09-15:55:15.239496 104d1d000 [lumn_family.cc:481] --------------- Options for column family []:
2020/04/09-15:55:15.239503 104d1d000               Options.comparator: leveldb.BytewiseComparator
2020/04/09-15:55:15.239505 104d1d000           Options.merge_operator: None
2020/04/09-15:55:15.239506 104d1d000        Options.compaction_filter: None
2020/04/09-15:55:15.239507 104d1d000        Options.compaction_filter_factory: None
2020/04/09-15:55:15.239509 104d1d000         Options.memtable_factory: SkipListFactory
2020/04/09-15:55:15.239510 104d1d000            Options.table_factory: BlockBasedTable
2020/04/09-15:55:15.239526 104d1d000            table_factory options:   flush_block_policy_factory: FlushBlockBySizePolicyFactory (0x7fcd1bcd5650)
  cache_index_and_filter_blocks: 0
  cache_index_and_filter_blocks_with_high_priority: 1
  pin_l0_filter_and_index_blocks_in_cache: 0
  pin_top_level_index_and_filter: 1
  index_type: 0
  data_block_index_type: 0
  index_shortening: 1
  data_block_hash_table_util_ratio: 0.750000
  hash_index_allow_collision: 1
  checksum: 1
  no_block_cache: 0
  block_cache: 0x7fcd1bcd6368
  block_cache_name: LRUCache
  block_cache_options:
    capacity : 8388608
    num_shard_bits : 4
    strict_capacity_limit : 0
    memory_allocator : None
    high_pri_pool_ratio: 0.000
  block_cache_compressed: 0x0
  persistent_cache: 0x0
  block_size: 4096
  block_size_deviation: 10
  block_restart_interval: 16
  index_block_restart_interval: 1
  metadata_block_size: 4096
  partition_filters: 0
  use_delta_encoding: 1
  filter_policy: nullptr
  whole_key_filtering: 1
  verify_compression: 0
  read_amp_bytes_per_bit: 0
  format_version: 2
  enable_index_compression: 1
  block_align: 0
2020/04/09-15:55:15.239528 104d1d000        Options.write_buffer_size: 67108864
2020/04/09-15:55:15.239529 104d1d000  Options.max_write_buffer_number: 2
2020/04/09-15:55:15.239530 104d1d000          Options.compression: Snappy
2020/04/09-15:55:15.239532 104d1d000                  Options.bottommost_compression: Disabled
2020/04/09-15:55:15.239533 104d1d000       Options.prefix_extractor: nullptr
2020/04/09-15:55:15.239534 104d1d000   Options.memtable_insert_with_hint_prefix_extractor: nullptr
2020/04/09-15:55:15.239535 104d1d000             Options.num_levels: 7
2020/04/09-15:55:15.239536 104d1d000        Options.min_write_buffer_number_to_merge: 1
2020/04/09-15:55:15.239537 104d1d000     Options.max_write_buffer_number_to_maintain: 2
2020/04/09-15:55:15.239539 104d1d000            Options.bottommost_compression_opts.window_bits: -14
2020/04/09-15:55:15.239540 104d1d000                  Options.bottommost_compression_opts.level: 32767
2020/04/09-15:55:15.239541 104d1d000               Options.bottommost_compression_opts.strategy: 0
2020/04/09-15:55:15.239542 104d1d000         Options.bottommost_compression_opts.max_dict_bytes: 0
2020/04/09-15:55:15.239543 104d1d000         Options.bottommost_compression_opts.zstd_max_train_bytes: 0
2020/04/09-15:55:15.239545 104d1d000                  Options.bottommost_compression_opts.enabled: false
2020/04/09-15:55:15.239546 104d1d000            Options.compression_opts.window_bits: -14
2020/04/09-15:55:15.239547 104d1d000                  Options.compression_opts.level: 32767
2020/04/09-15:55:15.239548 104d1d000               Options.compression_opts.strategy: 0
2020/04/09-15:55:15.239549 104d1d000         Options.compression_opts.max_dict_bytes: 0
2020/04/09-15:55:15.239550 104d1d000         Options.compression_opts.zstd_max_train_bytes: 0
2020/04/09-15:55:15.239551 104d1d000                  Options.compression_opts.enabled: false
2020/04/09-15:55:15.239552 104d1d000      Options.level0_file_num_compaction_trigger: 4
2020/04/09-15:55:15.239553 104d1d000          Options.level0_slowdown_writes_trigger: 20
2020/04/09-15:55:15.239555 104d1d000              Options.level0_stop_writes_trigger: 36
2020/04/09-15:55:15.239556 104d1d000                   Options.target_file_size_base: 67108864
2020/04/09-15:55:15.239557 104d1d000             Options.target_file_size_multiplier: 1
2020/04/09-15:55:15.239558 104d1d000                Options.max_bytes_for_level_base: 268435456
2020/04/09-15:55:15.239559 104d1d000                      Options.snap_refresh_nanos: 0
2020/04/09-15:55:15.239560 104d1d000 Options.level_compaction_dynamic_level_bytes: 0
2020/04/09-15:55:15.239561 104d1d000          Options.max_bytes_for_level_multiplier: 10.000000
2020/04/09-15:55:15.239562 104d1d000 Options.max_bytes_for_level_multiplier_addtl[0]: 1
2020/04/09-15:55:15.239563 104d1d000 Options.max_bytes_for_level_multiplier_addtl[1]: 1
2020/04/09-15:55:15.239565 104d1d000 Options.max_bytes_for_level_multiplier_addtl[2]: 1
2020/04/09-15:55:15.239566 104d1d000 Options.max_bytes_for_level_multiplier_addtl[3]: 1
2020/04/09-15:55:15.239567 104d1d000 Options.max_bytes_for_level_multiplier_addtl[4]: 1
2020/04/09-15:55:15.239568 104d1d000 Options.max_bytes_for_level_multiplier_addtl[5]: 1
2020/04/09-15:55:15.239569 104d1d000 Options.max_bytes_for_level_multiplier_addtl[6]: 1
2020/04/09-15:55:15.239570 104d1d000       Options.max_sequential_skip_in_iterations: 8
2020/04/09-15:55:15.239571 104d1d000                    Options.max_compaction_bytes: 1677721600
2020/04/09-15:55:15.239572 104d1d000                        Options.arena_block_size: 8388608
2020/04/09-15:55:15.239573 104d1d000   Options.soft_pending_compaction_bytes_limit: 68719476736
2020/04/09-15:55:15.239574 104d1d000   Options.hard_pending_compaction_bytes_limit: 274877906944
2020/04/09-15:55:15.239575 104d1d000       Options.rate_limit_delay_max_milliseconds: 100
2020/04/09-15:55:15.239576 104d1d000                Options.disable_auto_compactions: 1
2020/04/09-15:55:15.239578 104d1d000                        Options.compaction_style: kCompactionStyleLevel
2020/04/09-15:55:15.239579 104d1d000                          Options.compaction_pri: kMinOverlappingRatio
2020/04/09-15:55:15.239580 104d1d000 Options.compaction_options_universal.size_ratio: 1
2020/04/09-15:55:15.239581 104d1d000 Options.compaction_options_universal.min_merge_width: 2
2020/04/09-15:55:15.239582 104d1d000 Options.compaction_options_universal.max_merge_width: 4294967295
2020/04/09-15:55:15.239583 104d1d000 Options.compaction_options_universal.max_size_amplification_percent: 200
2020/04/09-15:55:15.239584 104d1d000 Options.compaction_options_universal.compression_size_percent: -1
2020/04/09-15:55:15.239586 104d1d000 Options.compaction_options_universal.stop_style: kCompactionStopStyleTotalSize
2020/04/09-15:55:15.239587 104d1d000 Options.compaction_options_fifo.max_table_files_size: 1073741824
2020/04/09-15:55:15.239588 104d1d000 Options.compaction_options_fifo.allow_compaction: 0
2020/04/09-15:55:15.239589 104d1d000                   Options.table_properties_collectors: 
2020/04/09-15:55:15.239590 104d1d000                   Options.inplace_update_support: 0
2020/04/09-15:55:15.239591 104d1d000                 Options.inplace_update_num_locks: 10000
2020/04/09-15:55:15.239592 104d1d000               Options.memtable_prefix_bloom_size_ratio: 0.000000
2020/04/09-15:55:15.239593 104d1d000               Options.memtable_whole_key_filtering: 0
2020/04/09-15:55:15.239594 104d1d000   Options.memtable_huge_page_size: 0
2020/04/09-15:55:15.239595 104d1d000                           Options.bloom_locality: 0
2020/04/09-15:55:15.239596 104d1d000                    Options.max_successive_merges: 0
2020/04/09-15:55:15.239597 104d1d000                Options.optimize_filters_for_hits: 0
2020/04/09-15:55:15.239598 104d1d000                Options.paranoid_file_checks: 0
2020/04/09-15:55:15.239600 104d1d000                Options.force_consistency_checks: 0
2020/04/09-15:55:15.239601 104d1d000                Options.report_bg_io_stats: 0
2020/04/09-15:55:15.239602 104d1d000                               Options.ttl: 0
2020/04/09-15:55:15.239603 104d1d000          Options.periodic_compaction_seconds: 0
2020/04/09-15:55:15.239643 104d1d000 [_impl/db_impl.cc:2101] Created column family [] (ID 2)
2020/04/09-15:55:15.241354 104d1d000 [lumn_family.cc:481] --------------- Options for column family []:
2020/04/09-15:55:15.241359 104d1d000               Options.comparator: leveldb.BytewiseComparator
2020/04/09-15:55:15.241360 104d1d000           Options.merge_operator: None
2020/04/09-15:55:15.241362 104d1d000        Options.compaction_filter: None
2020/04/09-15:55:15.241363 104d1d000        Options.compaction_filter_factory: None
2020/04/09-15:55:15.241364 104d1d000         Options.memtable_factory: SkipListFactory
2020/04/09-15:55:15.241365 104d1d000            Options.table_factory: BlockBasedTable
2020/04/09-15:55:15.241381 104d1d000            table_factory options:   flush_block_policy_factory: FlushBlockBySizePolicyFactory (0x7fcd1bcd74e0)
  cache_index_and_filter_blocks: 0
  cache_index_and_filter_blocks_with_high_priority: 1
  pin_l0_filter_and_index_blocks_in_cache: 0
  pin_top_level_index_and_filter: 1
  index_type: 0
  data_block_index_type: 0
  index_shortening: 1
  data_block_hash_table_util_ratio: 0.750000
  hash_index_allow_collision: 1
  checksum: 1
  no_block_cache: 0
  block_cache: 0x7fcd1bcd7528
  block_cache_name: LRUCache
  block_cache_options:
    capacity : 8388608
    num_shard_bits : 4
    strict_capacity_limit : 0
    memory_allocator : None
    high_pri_pool_ratio: 0.000
  block_cache_compressed: 0x0
  persistent_cache: 0x0
  block_size: 4096
  block_size_deviation: 10
  block_restart_interval: 16
  index_block_restart_interval: 1
  metadata_block_size: 4096
  partition_filters: 0
  use_delta_encoding: 1
  filter_policy: nullptr
  whole_key_filtering: 1
  verify_compression: 0
  read_amp_bytes_per_bit: 0
  format_version: 2
  enable_index_compression: 1
  block_align: 0
2020/04/09-15:55:15.241382 104d1d000        Options.write_buffer_size: 67108864
2020/04/09-15:55:15.241384 104d1d000  Options.max_write_buffer_number: 2
2020/04/09-15:55:15.241385 104d1d000          Options.compression: Snappy
2020/04/09-15:55:15.241386 104d1d000                  Options.bottommost_compression: Disabled
2020/04/09-15:55:15.241387 104d1d000       Options.prefix_extractor: nullptr
2020/04/09-15:55:15.241388 104d1d000   Options.memtable_insert_with_hint_prefix_extractor: nullptr
2020/04/09-15:55:15.241389 104d1d000             Options.num_levels: 7
2020/04/09-15:55:15.241390 104d1d000        Options.min_write_buffer_number_to_merge: 1
2020/04/09-15:55:15.241392 104d1d000     Options.max_write_buffer_number_to_maintain: 2
2020/04/09-15:55:15.241393 104d1d000            Options.bottommost_compression_opts.window_bits: -14
2020/04/09-15:55:15.241394 104d1d000                  Options.bottommost_compression_opts.level: 32767
2020/04/09-15:55:15.241395 104d1d000               Options.bottommost_compression_opts.strategy: 0
2020/04/09-15:55:15.241396 104d1d000         Options.bottommost_compression_opts.max_dict_bytes: 0
2020/04/09-15:55:15.241397 104d1d000         Options.bottommost_compression_opts.zstd_max_train_bytes: 0
2020/04/09-15:55:15.241398 104d1d000                  Options.bottommost_compression_opts.enabled: false
2020/04/09-15:55:15.241400 104d1d000            Options.compression_opts.window_bits: -14
2020/04/09-15:55:15.241401 104d1d000                  Options.compression_opts.level: 32767
2020/04/09-15:55:15.241402 104d1d000               Options.compression_opts.strategy: 0
2020/04/09-15:55:15.241403 104d1d000         Options.compression_opts.max_dict_bytes: 0
2020/04/09-15:55:15.241404 104d1d000         Options.compression_opts.zstd_max_train_bytes: 0
2020/04/09-15:55:15.241405 104d1d000                  Options.compression_opts.enabled: false
2020/04/09-15:55:15.241406 104d1d000      Options.level0_file_num_compaction_trigger: 4
2020/04/09-15:55:15.241407 104d1d000          Options.level0_slowdown_writes_trigger: 20
2020/04/09-15:55:15.241408 104d1d000              Options.level0_stop_writes_trigger: 36
2020/04/09-15:55:15.241409 104d1d000                   Options.target_file_size_base: 67108864
2020/04/09-15:55:15.241410 104d1d000             Options.target_file_size_multiplier: 1
2020/04/09-15:55:15.241411 104d1d000                Options.max_bytes_for_level_base: 268435456
2020/04/09-15:55:15.241413 104d1d000                      Options.snap_refresh_nanos: 0
2020/04/09-15:55:15.241414 104d1d000 Options.level_compaction_dynamic_level_bytes: 0
2020/04/09-15:55:15.241415 104d1d000          Options.max_bytes_for_level_multiplier: 10.000000
2020/04/09-15:55:15.241416 104d1d000 Options.max_bytes_for_level_multiplier_addtl[0]: 1
2020/04/09-15:55:15.241417 104d1d000 Options.max_bytes_for_level_multiplier_addtl[1]: 1
2020/04/09-15:55:15.241418 104d1d000 Options.max_bytes_for_level_multiplier_addtl[2]: 1
2020/04/09-15:55:15.241419 104d1d000 Options.max_bytes_for_level_multiplier_addtl[3]: 1
2020/04/09-15:55:15.241421 104d1d000 Options.max_bytes_for_level_multiplier_addtl[4]: 1
2020/04/09-15:55:15.241422 104d1d000 Options.max_bytes_for_level_multiplier_addtl[5]: 1
2020/04/09-15:55:15.241423 104d1d000 Options.max_bytes_for_level_multiplier_addtl[6]: 1
2020/04/09-15:55:15.241424 104d1d000       Options.max_sequential_skip_in_iterations: 8
2020/04/09-15:55:15.241425 104d1d000                    Options.max_compaction_bytes: 1677721600
2020/04/09-15:55:15.241426 104d1d000                        Options.arena_block_size: 8388608
2020/04/09-15:55:15.241427 104d1d000   Options.soft_pending_compaction_bytes_limit: 68719476736
2020/04/09-15:55:15.241428 104d1d000   Options.hard_pending_compaction_bytes_limit: 274877906944
2020/04/09-15:55:15.241429 104d1d000       Options.rate_limit_delay_max_milliseconds: 100
2020/04/09-15:55:15.241430 104d1d000                Options.disable_auto_compactions: 1
2020/04/09-15:55:15.241431 104d1d000                        Options.compaction_style: kCompactionStyleLevel
2020/04/09-15:55:15.241433 104d1d000                          Options.compaction_pri: kMinOverlappingRatio
2020/04/09-15:55:15.241434 104d1d000 Options.compaction_options_universal.size_ratio: 1
2020/04/09-15:55:15.241435 104d1d000 Options.compaction_options_universal.min_merge_width: 2
2020/04/09-15:55:15.241436 104d1d000 Options.compaction_options_universal.max_merge_width: 4294967295
2020/04/09-15:55:15.241437 104d1d000 Options.compaction_options_universal.max_size_amplification_percent: 200
2020/04/09-15:55:15.241438 104d1d000 Options.compaction_options_universal.compression_size_percent: -1
2020/04/09-15:55:15.241439 104d1d000 Options.compaction_options_universal.stop_style: kCompactionStopStyleTotalSize
2020/04/09-15:55:15.241440 104d1d000 Options.compaction_options_fifo.max_table_files_size: 1073741824
2020/04/09-15:55:15.241441 104d1d000 Options.compaction_options_fifo.allow_compaction: 0
2020/04/09-15:55:15.241443 104d1d000                   Options.table_properties_collectors: 
2020/04/09-15:55:15.241444 104d1d000                   Options.inplace_update_support: 0
2020/04/09-15:55:15.241445 104d1d000                 Options.inplace_update_num_locks: 10000
2020/04/09-15:55:15.241446 104d1d000               Options.memtable_prefix_bloom_size_ratio: 0.000000
2020/04/09-15:55:15.241447 104d1d000               Options.memtable_whole_key_filtering: 0
2020/04/09-15:55:15.241448 104d1d000   Options.memtable_huge_page_size: 0
2020/04/09-15:55:15.241449 104d1d000                           Options.bloom_locality: 0
2020/04/09-15:55:15.241450 104d1d000                    Options.max_successive_merges: 0
