2020/05/26-10:57:08.382148 10e52c000 RocksDB version: 6.4.6
2020/05/26-10:57:08.382259 10e52c000 Git sha rocksdb_build_git_sha:e3169e3ea8762d2f34880742106858a23c8dc8b7
2020/05/26-10:57:08.382265 10e52c000 Compile date Nov 24 2019
2020/05/26-10:57:08.382273 10e52c000 DB SUMMARY
2020/05/26-10:57:08.382663 10e52c000 CURRENT file:  CURRENT
2020/05/26-10:57:08.382669 10e52c000 IDENTITY file:  IDENTITY
2020/05/26-10:57:08.382682 10e52c000 MANIFEST file:  MANIFEST-000385 size: 868 Bytes
2020/05/26-10:57:08.382686 10e52c000 SST files in /Users/Happpyyyyyyy/PIR/IBFT-Network/Node-1/data/database dir, Total Num: 4, files: 000373.sst 000380.sst 000386.sst 000387.sst 
2020/05/26-10:57:08.382691 10e52c000 Write Ahead Log file in /Users/Happpyyyyyyy/PIR/IBFT-Network/Node-1/data/database: 000003.log size: 0 ; 000029.log size: 39419 ; 000046.log size: 140963 ; 000063.log size: 647098 ; 000080.log size: 16974 ; 000097.log size: 82504 ; 000116.log size: 37283 ; 000133.log size: 715274 ; 000150.log size: 112209 ; 000167.log size: 1818 ; 000188.log size: 616 ; 000204.log size: 616 ; 000220.log size: 4282 ; 000237.log size: 616 ; 000254.log size: 616 ; 000270.log size: 616 ; 000286.log size: 616 ; 000302.log size: 616 ; 000319.log size: 11614 ; 000336.log size: 616 ; 000352.log size: 63742 ; 000369.log size: 420610 ; 000388.log size: 324442 ; 
2020/05/26-10:57:08.382711 10e52c000                         Options.error_if_exists: 0
2020/05/26-10:57:08.382718 10e52c000                       Options.create_if_missing: 1
2020/05/26-10:57:08.382720 10e52c000                         Options.paranoid_checks: 1
2020/05/26-10:57:08.382722 10e52c000                                     Options.env: 0x1319620d0
2020/05/26-10:57:08.382724 10e52c000                                Options.info_log: 0x7fb415600710
2020/05/26-10:57:08.382726 10e52c000                Options.max_file_opening_threads: 16
2020/05/26-10:57:08.382728 10e52c000                              Options.statistics: 0x7fb4152f8660
2020/05/26-10:57:08.382730 10e52c000                               Options.use_fsync: 0
2020/05/26-10:57:08.382736 10e52c000                       Options.max_log_file_size: 0
2020/05/26-10:57:08.382738 10e52c000                  Options.max_manifest_file_size: 1073741824
2020/05/26-10:57:08.382740 10e52c000                   Options.log_file_time_to_roll: 0
2020/05/26-10:57:08.382742 10e52c000                       Options.keep_log_file_num: 1000
2020/05/26-10:57:08.382744 10e52c000                    Options.recycle_log_file_num: 0
2020/05/26-10:57:08.382746 10e52c000                         Options.allow_fallocate: 1
2020/05/26-10:57:08.382748 10e52c000                        Options.allow_mmap_reads: 0
2020/05/26-10:57:08.382750 10e52c000                       Options.allow_mmap_writes: 0
2020/05/26-10:57:08.382752 10e52c000                        Options.use_direct_reads: 0
2020/05/26-10:57:08.382753 10e52c000                        Options.use_direct_io_for_flush_and_compaction: 0
2020/05/26-10:57:08.382755 10e52c000          Options.create_missing_column_families: 1
2020/05/26-10:57:08.382757 10e52c000                              Options.db_log_dir: 
2020/05/26-10:57:08.382759 10e52c000                                 Options.wal_dir: /Users/Happpyyyyyyy/PIR/IBFT-Network/Node-1/data/database
2020/05/26-10:57:08.382761 10e52c000                Options.table_cache_numshardbits: 6
2020/05/26-10:57:08.382763 10e52c000                      Options.max_subcompactions: 1
2020/05/26-10:57:08.382765 10e52c000                  Options.max_background_flushes: -1
2020/05/26-10:57:08.382767 10e52c000                         Options.WAL_ttl_seconds: 0
2020/05/26-10:57:08.382769 10e52c000                       Options.WAL_size_limit_MB: 0
2020/05/26-10:57:08.382771 10e52c000             Options.manifest_preallocation_size: 4194304
2020/05/26-10:57:08.382773 10e52c000                     Options.is_fd_close_on_exec: 1
2020/05/26-10:57:08.382775 10e52c000                   Options.advise_random_on_open: 1
2020/05/26-10:57:08.382777 10e52c000                    Options.db_write_buffer_size: 0
2020/05/26-10:57:08.382779 10e52c000                    Options.write_buffer_manager: 0x7fb4156006d0
2020/05/26-10:57:08.382781 10e52c000         Options.access_hint_on_compaction_start: 1
2020/05/26-10:57:08.382783 10e52c000  Options.new_table_reader_for_compaction_inputs: 0
2020/05/26-10:57:08.382785 10e52c000           Options.random_access_max_buffer_size: 1048576
2020/05/26-10:57:08.382787 10e52c000                      Options.use_adaptive_mutex: 0
2020/05/26-10:57:08.382789 10e52c000                            Options.rate_limiter: 0x0
2020/05/26-10:57:08.382791 10e52c000     Options.sst_file_manager.rate_bytes_per_sec: 0
2020/05/26-10:57:08.382793 10e52c000                       Options.wal_recovery_mode: 2
2020/05/26-10:57:08.382795 10e52c000                  Options.enable_thread_tracking: 0
2020/05/26-10:57:08.382797 10e52c000                  Options.enable_pipelined_write: 0
2020/05/26-10:57:08.382799 10e52c000                  Options.unordered_write: 0
2020/05/26-10:57:08.382801 10e52c000         Options.allow_concurrent_memtable_write: 1
2020/05/26-10:57:08.382803 10e52c000      Options.enable_write_thread_adaptive_yield: 1
2020/05/26-10:57:08.382805 10e52c000             Options.write_thread_max_yield_usec: 100
2020/05/26-10:57:08.382807 10e52c000            Options.write_thread_slow_yield_usec: 3
2020/05/26-10:57:08.382809 10e52c000                               Options.row_cache: None
2020/05/26-10:57:08.382811 10e52c000                              Options.wal_filter: None
2020/05/26-10:57:08.382813 10e52c000             Options.avoid_flush_during_recovery: 0
2020/05/26-10:57:08.382815 10e52c000             Options.allow_ingest_behind: 0
2020/05/26-10:57:08.382817 10e52c000             Options.preserve_deletes: 0
2020/05/26-10:57:08.382819 10e52c000             Options.two_write_queues: 0
2020/05/26-10:57:08.382821 10e52c000             Options.manual_wal_flush: 0
2020/05/26-10:57:08.382823 10e52c000             Options.atomic_flush: 0
2020/05/26-10:57:08.382825 10e52c000             Options.avoid_unnecessary_blocking_io: 0
2020/05/26-10:57:08.382827 10e52c000                 Options.persist_stats_to_disk: 0
2020/05/26-10:57:08.382829 10e52c000                 Options.log_readahead_size: 0
2020/05/26-10:57:08.382831 10e52c000             Options.max_background_jobs: 2
2020/05/26-10:57:08.382833 10e52c000             Options.max_background_compactions: 4
2020/05/26-10:57:08.382835 10e52c000             Options.avoid_flush_during_shutdown: 0
2020/05/26-10:57:08.382836 10e52c000           Options.writable_file_max_buffer_size: 1048576
2020/05/26-10:57:08.382838 10e52c000             Options.delayed_write_rate : 16777216
2020/05/26-10:57:08.382840 10e52c000             Options.max_total_wal_size: 0
2020/05/26-10:57:08.382842 10e52c000             Options.delete_obsolete_files_period_micros: 21600000000
2020/05/26-10:57:08.382845 10e52c000                   Options.stats_dump_period_sec: 600
2020/05/26-10:57:08.382847 10e52c000                 Options.stats_persist_period_sec: 600
2020/05/26-10:57:08.382849 10e52c000                 Options.stats_history_buffer_size: 1048576
2020/05/26-10:57:08.382850 10e52c000                          Options.max_open_files: 1024
2020/05/26-10:57:08.382852 10e52c000                          Options.bytes_per_sync: 0
2020/05/26-10:57:08.382854 10e52c000                      Options.wal_bytes_per_sync: 0
2020/05/26-10:57:08.382857 10e52c000                   Options.strict_bytes_per_sync: 0
2020/05/26-10:57:08.382858 10e52c000       Options.compaction_readahead_size: 0
2020/05/26-10:57:08.382860 10e52c000 Compression algorithms supported:
2020/05/26-10:57:08.382867 10e52c000 	kZSTD supported: 1
2020/05/26-10:57:08.382871 10e52c000 	kZlibCompression supported: 1
2020/05/26-10:57:08.382873 10e52c000 	kXpressCompression supported: 0
2020/05/26-10:57:08.382875 10e52c000 	kSnappyCompression supported: 1
2020/05/26-10:57:08.382877 10e52c000 	kZSTDNotFinalCompression supported: 1
2020/05/26-10:57:08.382879 10e52c000 	kLZ4HCCompression supported: 1
2020/05/26-10:57:08.382881 10e52c000 	kLZ4Compression supported: 1
2020/05/26-10:57:08.382883 10e52c000 	kBZip2Compression supported: 1
2020/05/26-10:57:08.382892 10e52c000 Fast CRC32 supported: Not supported on x86
2020/05/26-10:57:08.383540 10e52c000 [rsion_set.cc:4252] Recovering from manifest file: /Users/Happpyyyyyyy/PIR/IBFT-Network/Node-1/data/database/MANIFEST-000385
2020/05/26-10:57:08.383651 10e52c000 [lumn_family.cc:481] --------------- Options for column family [default]:
2020/05/26-10:57:08.383657 10e52c000               Options.comparator: leveldb.BytewiseComparator
2020/05/26-10:57:08.383660 10e52c000           Options.merge_operator: None
2020/05/26-10:57:08.383662 10e52c000        Options.compaction_filter: None
2020/05/26-10:57:08.383664 10e52c000        Options.compaction_filter_factory: None
2020/05/26-10:57:08.383666 10e52c000         Options.memtable_factory: SkipListFactory
2020/05/26-10:57:08.383669 10e52c000            Options.table_factory: BlockBasedTable
2020/05/26-10:57:08.383705 10e52c000            table_factory options:   flush_block_policy_factory: FlushBlockBySizePolicyFactory (0x7fb4152f9240)
  cache_index_and_filter_blocks: 0
  cache_index_and_filter_blocks_with_high_priority: 0
  pin_l0_filter_and_index_blocks_in_cache: 0
  pin_top_level_index_and_filter: 1
  index_type: 0
  data_block_index_type: 0
  index_shortening: 1
  data_block_hash_table_util_ratio: 0.750000
  hash_index_allow_collision: 1
  checksum: 1
  no_block_cache: 0
  block_cache: 0x7fb4152f89a8
  block_cache_name: LRUCache
  block_cache_options:
    capacity : 8388608
    num_shard_bits : 4
    strict_capacity_limit : 0
    memory_allocator : None
    high_pri_pool_ratio: 0.000
  block_cache_compressed: 0x0
  persistent_cache: 0x0
  block_size: 4096
  block_size_deviation: 10
  block_restart_interval: 16
  index_block_restart_interval: 1
  metadata_block_size: 4096
  partition_filters: 0
  use_delta_encoding: 1
  filter_policy: nullptr
  whole_key_filtering: 1
  verify_compression: 1
  read_amp_bytes_per_bit: 0
  format_version: 2
  enable_index_compression: 1
  block_align: 0
2020/05/26-10:57:08.383708 10e52c000        Options.write_buffer_size: 67108864
2020/05/26-10:57:08.383710 10e52c000  Options.max_write_buffer_number: 2
2020/05/26-10:57:08.383712 10e52c000          Options.compression: Snappy
2020/05/26-10:57:08.383714 10e52c000                  Options.bottommost_compression: Disabled
2020/05/26-10:57:08.383716 10e52c000       Options.prefix_extractor: nullptr
2020/05/26-10:57:08.383717 10e52c000   Options.memtable_insert_with_hint_prefix_extractor: nullptr
2020/05/26-10:57:08.383719 10e52c000             Options.num_levels: 7
2020/05/26-10:57:08.383721 10e52c000        Options.min_write_buffer_number_to_merge: 1
2020/05/26-10:57:08.383723 10e52c000     Options.max_write_buffer_number_to_maintain: 2
2020/05/26-10:57:08.383725 10e52c000            Options.bottommost_compression_opts.window_bits: -14
2020/05/26-10:57:08.383727 10e52c000                  Options.bottommost_compression_opts.level: 32767
2020/05/26-10:57:08.383734 10e52c000               Options.bottommost_compression_opts.strategy: 0
2020/05/26-10:57:08.383737 10e52c000         Options.bottommost_compression_opts.max_dict_bytes: 0
2020/05/26-10:57:08.383739 10e52c000         Options.bottommost_compression_opts.zstd_max_train_bytes: 0
2020/05/26-10:57:08.383740 10e52c000                  Options.bottommost_compression_opts.enabled: false
2020/05/26-10:57:08.383742 10e52c000            Options.compression_opts.window_bits: -14
2020/05/26-10:57:08.383744 10e52c000                  Options.compression_opts.level: 32767
2020/05/26-10:57:08.383746 10e52c000               Options.compression_opts.strategy: 0
2020/05/26-10:57:08.383748 10e52c000         Options.compression_opts.max_dict_bytes: 0
2020/05/26-10:57:08.383750 10e52c000         Options.compression_opts.zstd_max_train_bytes: 0
2020/05/26-10:57:08.383751 10e52c000                  Options.compression_opts.enabled: false
2020/05/26-10:57:08.383753 10e52c000      Options.level0_file_num_compaction_trigger: 4
2020/05/26-10:57:08.383755 10e52c000          Options.level0_slowdown_writes_trigger: 20
2020/05/26-10:57:08.383757 10e52c000              Options.level0_stop_writes_trigger: 36
2020/05/26-10:57:08.383758 10e52c000                   Options.target_file_size_base: 67108864
2020/05/26-10:57:08.383760 10e52c000             Options.target_file_size_multiplier: 1
2020/05/26-10:57:08.383762 10e52c000                Options.max_bytes_for_level_base: 268435456
2020/05/26-10:57:08.383764 10e52c000                      Options.snap_refresh_nanos: 0
2020/05/26-10:57:08.383765 10e52c000 Options.level_compaction_dynamic_level_bytes: 0
2020/05/26-10:57:08.383767 10e52c000          Options.max_bytes_for_level_multiplier: 10.000000
2020/05/26-10:57:08.383770 10e52c000 Options.max_bytes_for_level_multiplier_addtl[0]: 1
2020/05/26-10:57:08.383771 10e52c000 Options.max_bytes_for_level_multiplier_addtl[1]: 1
2020/05/26-10:57:08.383773 10e52c000 Options.max_bytes_for_level_multiplier_addtl[2]: 1
2020/05/26-10:57:08.383775 10e52c000 Options.max_bytes_for_level_multiplier_addtl[3]: 1
2020/05/26-10:57:08.383776 10e52c000 Options.max_bytes_for_level_multiplier_addtl[4]: 1
2020/05/26-10:57:08.383778 10e52c000 Options.max_bytes_for_level_multiplier_addtl[5]: 1
2020/05/26-10:57:08.383780 10e52c000 Options.max_bytes_for_level_multiplier_addtl[6]: 1
2020/05/26-10:57:08.383782 10e52c000       Options.max_sequential_skip_in_iterations: 8
2020/05/26-10:57:08.383784 10e52c000                    Options.max_compaction_bytes: 1677721600
2020/05/26-10:57:08.383786 10e52c000                        Options.arena_block_size: 8388608
2020/05/26-10:57:08.383787 10e52c000   Options.soft_pending_compaction_bytes_limit: 68719476736
2020/05/26-10:57:08.383789 10e52c000   Options.hard_pending_compaction_bytes_limit: 274877906944
2020/05/26-10:57:08.383791 10e52c000       Options.rate_limit_delay_max_milliseconds: 100
2020/05/26-10:57:08.383792 10e52c000                Options.disable_auto_compactions: 1
2020/05/26-10:57:08.383795 10e52c000                        Options.compaction_style: kCompactionStyleLevel
2020/05/26-10:57:08.383797 10e52c000                          Options.compaction_pri: kMinOverlappingRatio
2020/05/26-10:57:08.383799 10e52c000 Options.compaction_options_universal.size_ratio: 1
2020/05/26-10:57:08.383801 10e52c000 Options.compaction_options_universal.min_merge_width: 2
2020/05/26-10:57:08.383802 10e52c000 Options.compaction_options_universal.max_merge_width: 4294967295
2020/05/26-10:57:08.383804 10e52c000 Options.compaction_options_universal.max_size_amplification_percent: 200
2020/05/26-10:57:08.383806 10e52c000 Options.compaction_options_universal.compression_size_percent: -1
2020/05/26-10:57:08.383808 10e52c000 Options.compaction_options_universal.stop_style: kCompactionStopStyleTotalSize
2020/05/26-10:57:08.383810 10e52c000 Options.compaction_options_fifo.max_table_files_size: 1073741824
2020/05/26-10:57:08.383811 10e52c000 Options.compaction_options_fifo.allow_compaction: 0
2020/05/26-10:57:08.383813 10e52c000                   Options.table_properties_collectors: 
2020/05/26-10:57:08.383815 10e52c000                   Options.inplace_update_support: 0
2020/05/26-10:57:08.383816 10e52c000                 Options.inplace_update_num_locks: 10000
2020/05/26-10:57:08.383823 10e52c000               Options.memtable_prefix_bloom_size_ratio: 0.000000
2020/05/26-10:57:08.383826 10e52c000               Options.memtable_whole_key_filtering: 0
2020/05/26-10:57:08.383827 10e52c000   Options.memtable_huge_page_size: 0
2020/05/26-10:57:08.383829 10e52c000                           Options.bloom_locality: 0
2020/05/26-10:57:08.383830 10e52c000                    Options.max_successive_merges: 0
2020/05/26-10:57:08.383832 10e52c000                Options.optimize_filters_for_hits: 0
2020/05/26-10:57:08.383834 10e52c000                Options.paranoid_file_checks: 0
2020/05/26-10:57:08.383835 10e52c000                Options.force_consistency_checks: 0
2020/05/26-10:57:08.383837 10e52c000                Options.report_bg_io_stats: 0
2020/05/26-10:57:08.383839 10e52c000                               Options.ttl: 0
2020/05/26-10:57:08.383840 10e52c000          Options.periodic_compaction_seconds: 0
2020/05/26-10:57:08.384225 10e52c000 [lumn_family.cc:481] --------------- Options for column family []:
2020/05/26-10:57:08.384231 10e52c000               Options.comparator: leveldb.BytewiseComparator
2020/05/26-10:57:08.384233 10e52c000           Options.merge_operator: None
2020/05/26-10:57:08.384235 10e52c000        Options.compaction_filter: None
2020/05/26-10:57:08.384237 10e52c000        Options.compaction_filter_factory: None
2020/05/26-10:57:08.384239 10e52c000         Options.memtable_factory: SkipListFactory
2020/05/26-10:57:08.384241 10e52c000            Options.table_factory: BlockBasedTable
2020/05/26-10:57:08.384270 10e52c000            table_factory options:   flush_block_policy_factory: FlushBlockBySizePolicyFactory (0x7fb4152f3840)
  cache_index_and_filter_blocks: 0
  cache_index_and_filter_blocks_with_high_priority: 1
  pin_l0_filter_and_index_blocks_in_cache: 0
  pin_top_level_index_and_filter: 1
  index_type: 0
  data_block_index_type: 0
  index_shortening: 1
  data_block_hash_table_util_ratio: 0.750000
  hash_index_allow_collision: 1
  checksum: 1
  no_block_cache: 0
  block_cache: 0x7fb4152f3888
  block_cache_name: LRUCache
  block_cache_options:
    capacity : 8388608
    num_shard_bits : 4
    strict_capacity_limit : 0
    memory_allocator : None
    high_pri_pool_ratio: 0.000
  block_cache_compressed: 0x0
  persistent_cache: 0x0
  block_size: 4096
  block_size_deviation: 10
  block_restart_interval: 16
  index_block_restart_interval: 1
  metadata_block_size: 4096
  partition_filters: 0
  use_delta_encoding: 1
  filter_policy: nullptr
  whole_key_filtering: 1
  verify_compression: 0
  read_amp_bytes_per_bit: 0
  format_version: 2
  enable_index_compression: 1
  block_align: 0
2020/05/26-10:57:08.384281 10e52c000        Options.write_buffer_size: 67108864
2020/05/26-10:57:08.384284 10e52c000  Options.max_write_buffer_number: 2
2020/05/26-10:57:08.384286 10e52c000          Options.compression: Snappy
2020/05/26-10:57:08.384288 10e52c000                  Options.bottommost_compression: Disabled
2020/05/26-10:57:08.384290 10e52c000       Options.prefix_extractor: nullptr
2020/05/26-10:57:08.384292 10e52c000   Options.memtable_insert_with_hint_prefix_extractor: nullptr
2020/05/26-10:57:08.384295 10e52c000             Options.num_levels: 7
2020/05/26-10:57:08.384297 10e52c000        Options.min_write_buffer_number_to_merge: 1
2020/05/26-10:57:08.384299 10e52c000     Options.max_write_buffer_number_to_maintain: 2
2020/05/26-10:57:08.384301 10e52c000            Options.bottommost_compression_opts.window_bits: -14
2020/05/26-10:57:08.384303 10e52c000                  Options.bottommost_compression_opts.level: 32767
2020/05/26-10:57:08.384305 10e52c000               Options.bottommost_compression_opts.strategy: 0
2020/05/26-10:57:08.384307 10e52c000         Options.bottommost_compression_opts.max_dict_bytes: 0
2020/05/26-10:57:08.384309 10e52c000         Options.bottommost_compression_opts.zstd_max_train_bytes: 0
2020/05/26-10:57:08.384311 10e52c000                  Options.bottommost_compression_opts.enabled: false
2020/05/26-10:57:08.384313 10e52c000            Options.compression_opts.window_bits: -14
2020/05/26-10:57:08.384315 10e52c000                  Options.compression_opts.level: 32767
2020/05/26-10:57:08.384316 10e52c000               Options.compression_opts.strategy: 0
2020/05/26-10:57:08.384318 10e52c000         Options.compression_opts.max_dict_bytes: 0
2020/05/26-10:57:08.384320 10e52c000         Options.compression_opts.zstd_max_train_bytes: 0
2020/05/26-10:57:08.384322 10e52c000                  Options.compression_opts.enabled: false
2020/05/26-10:57:08.384324 10e52c000      Options.level0_file_num_compaction_trigger: 4
2020/05/26-10:57:08.384325 10e52c000          Options.level0_slowdown_writes_trigger: 20
2020/05/26-10:57:08.384327 10e52c000              Options.level0_stop_writes_trigger: 36
2020/05/26-10:57:08.384329 10e52c000                   Options.target_file_size_base: 67108864
2020/05/26-10:57:08.384331 10e52c000             Options.target_file_size_multiplier: 1
2020/05/26-10:57:08.384333 10e52c000                Options.max_bytes_for_level_base: 268435456
2020/05/26-10:57:08.384335 10e52c000                      Options.snap_refresh_nanos: 0
2020/05/26-10:57:08.384337 10e52c000 Options.level_compaction_dynamic_level_bytes: 0
2020/05/26-10:57:08.384339 10e52c000          Options.max_bytes_for_level_multiplier: 10.000000
2020/05/26-10:57:08.384342 10e52c000 Options.max_bytes_for_level_multiplier_addtl[0]: 1
2020/05/26-10:57:08.384344 10e52c000 Options.max_bytes_for_level_multiplier_addtl[1]: 1
2020/05/26-10:57:08.384346 10e52c000 Options.max_bytes_for_level_multiplier_addtl[2]: 1
2020/05/26-10:57:08.384348 10e52c000 Options.max_bytes_for_level_multiplier_addtl[3]: 1
2020/05/26-10:57:08.384349 10e52c000 Options.max_bytes_for_level_multiplier_addtl[4]: 1
2020/05/26-10:57:08.384351 10e52c000 Options.max_bytes_for_level_multiplier_addtl[5]: 1
2020/05/26-10:57:08.384353 10e52c000 Options.max_bytes_for_level_multiplier_addtl[6]: 1
2020/05/26-10:57:08.384355 10e52c000       Options.max_sequential_skip_in_iterations: 8
2020/05/26-10:57:08.384357 10e52c000                    Options.max_compaction_bytes: 1677721600
2020/05/26-10:57:08.384359 10e52c000                        Options.arena_block_size: 8388608
2020/05/26-10:57:08.384361 10e52c000   Options.soft_pending_compaction_bytes_limit: 68719476736
2020/05/26-10:57:08.384363 10e52c000   Options.hard_pending_compaction_bytes_limit: 274877906944
2020/05/26-10:57:08.384365 10e52c000       Options.rate_limit_delay_max_milliseconds: 100
2020/05/26-10:57:08.384367 10e52c000                Options.disable_auto_compactions: 1
2020/05/26-10:57:08.384369 10e52c000                        Options.compaction_style: kCompactionStyleLevel
2020/05/26-10:57:08.384372 10e52c000                          Options.compaction_pri: kMinOverlappingRatio
2020/05/26-10:57:08.384374 10e52c000 Options.compaction_options_universal.size_ratio: 1
2020/05/26-10:57:08.384375 10e52c000 Options.compaction_options_universal.min_merge_width: 2
2020/05/26-10:57:08.384377 10e52c000 Options.compaction_options_universal.max_merge_width: 4294967295
2020/05/26-10:57:08.384379 10e52c000 Options.compaction_options_universal.max_size_amplification_percent: 200
2020/05/26-10:57:08.384381 10e52c000 Options.compaction_options_universal.compression_size_percent: -1
2020/05/26-10:57:08.384384 10e52c000 Options.compaction_options_universal.stop_style: kCompactionStopStyleTotalSize
2020/05/26-10:57:08.384386 10e52c000 Options.compaction_options_fifo.max_table_files_size: 1073741824
2020/05/26-10:57:08.384389 10e52c000 Options.compaction_options_fifo.allow_compaction: 0
2020/05/26-10:57:08.384391 10e52c000                   Options.table_properties_collectors: 
2020/05/26-10:57:08.384393 10e52c000                   Options.inplace_update_support: 0
2020/05/26-10:57:08.384395 10e52c000                 Options.inplace_update_num_locks: 10000
2020/05/26-10:57:08.384396 10e52c000               Options.memtable_prefix_bloom_size_ratio: 0.000000
2020/05/26-10:57:08.384399 10e52c000               Options.memtable_whole_key_filtering: 0
2020/05/26-10:57:08.384401 10e52c000   Options.memtable_huge_page_size: 0
2020/05/26-10:57:08.384403 10e52c000                           Options.bloom_locality: 0
2020/05/26-10:57:08.384405 10e52c000                    Options.max_successive_merges: 0
2020/05/26-10:57:08.384407 10e52c000                Options.optimize_filters_for_hits: 0
2020/05/26-10:57:08.384409 10e52c000                Options.paranoid_file_checks: 0
2020/05/26-10:57:08.384410 10e52c000                Options.force_consistency_checks: 0
2020/05/26-10:57:08.384412 10e52c000                Options.report_bg_io_stats: 0
2020/05/26-10:57:08.384414 10e52c000                               Options.ttl: 0
2020/05/26-10:57:08.384416 10e52c000          Options.periodic_compaction_seconds: 0
2020/05/26-10:57:08.384475 10e52c000 [lumn_family.cc:481] --------------- Options for column family []:
2020/05/26-10:57:08.384480 10e52c000               Options.comparator: leveldb.BytewiseComparator
2020/05/26-10:57:08.384482 10e52c000           Options.merge_operator: None
2020/05/26-10:57:08.384484 10e52c000        Options.compaction_filter: None
2020/05/26-10:57:08.384486 10e52c000        Options.compaction_filter_factory: None
2020/05/26-10:57:08.384488 10e52c000         Options.memtable_factory: SkipListFactory
2020/05/26-10:57:08.384490 10e52c000            Options.table_factory: BlockBasedTable
2020/05/26-10:57:08.384517 10e52c000            table_factory options:   flush_block_policy_factory: FlushBlockBySizePolicyFactory (0x7fb4152f3970)
  cache_index_and_filter_blocks: 0
  cache_index_and_filter_blocks_with_high_priority: 1
  pin_l0_filter_and_index_blocks_in_cache: 0
  pin_top_level_index_and_filter: 1
  index_type: 0
  data_block_index_type: 0
  index_shortening: 1
  data_block_hash_table_util_ratio: 0.750000
  hash_index_allow_collision: 1
  checksum: 1
  no_block_cache: 0
  block_cache: 0x7fb4152f4618
  block_cache_name: LRUCache
  block_cache_options:
    capacity : 8388608
    num_shard_bits : 4
    strict_capacity_limit : 0
    memory_allocator : None
    high_pri_pool_ratio: 0.000
  block_cache_compressed: 0x0
  persistent_cache: 0x0
  block_size: 4096
  block_size_deviation: 10
  block_restart_interval: 16
  index_block_restart_interval: 1
  metadata_block_size: 4096
  partition_filters: 0
  use_delta_encoding: 1
  filter_policy: nullptr
  whole_key_filtering: 1
  verify_compression: 0
  read_amp_bytes_per_bit: 0
  format_version: 2
  enable_index_compression: 1
  block_align: 0
2020/05/26-10:57:08.384521 10e52c000        Options.write_buffer_size: 67108864
2020/05/26-10:57:08.384523 10e52c000  Options.max_write_buffer_number: 2
2020/05/26-10:57:08.384525 10e52c000          Options.compression: Snappy
2020/05/26-10:57:08.384527 10e52c000                  Options.bottommost_compression: Disabled
2020/05/26-10:57:08.384529 10e52c000       Options.prefix_extractor: nullptr
2020/05/26-10:57:08.384531 10e52c000   Options.memtable_insert_with_hint_prefix_extractor: nullptr
2020/05/26-10:57:08.384533 10e52c000             Options.num_levels: 7
2020/05/26-10:57:08.384535 10e52c000        Options.min_write_buffer_number_to_merge: 1
2020/05/26-10:57:08.384537 10e52c000     Options.max_write_buffer_number_to_maintain: 2
2020/05/26-10:57:08.384539 10e52c000            Options.bottommost_compression_opts.window_bits: -14
2020/05/26-10:57:08.384541 10e52c000                  Options.bottommost_compression_opts.level: 32767
2020/05/26-10:57:08.384543 10e52c000               Options.bottommost_compression_opts.strategy: 0
2020/05/26-10:57:08.384545 10e52c000         Options.bottommost_compression_opts.max_dict_bytes: 0
2020/05/26-10:57:08.384547 10e52c000         Options.bottommost_compression_opts.zstd_max_train_bytes: 0
2020/05/26-10:57:08.384549 10e52c000                  Options.bottommost_compression_opts.enabled: false
2020/05/26-10:57:08.384550 10e52c000            Options.compression_opts.window_bits: -14
2020/05/26-10:57:08.384552 10e52c000                  Options.compression_opts.level: 32767
2020/05/26-10:57:08.384554 10e52c000               Options.compression_opts.strategy: 0
2020/05/26-10:57:08.384556 10e52c000         Options.compression_opts.max_dict_bytes: 0
2020/05/26-10:57:08.384558 10e52c000         Options.compression_opts.zstd_max_train_bytes: 0
2020/05/26-10:57:08.384560 10e52c000                  Options.compression_opts.enabled: false
2020/05/26-10:57:08.384562 10e52c000      Options.level0_file_num_compaction_trigger: 4
2020/05/26-10:57:08.384564 10e52c000          Options.level0_slowdown_writes_trigger: 20
2020/05/26-10:57:08.384566 10e52c000              Options.level0_stop_writes_trigger: 36
2020/05/26-10:57:08.384568 10e52c000                   Options.target_file_size_base: 67108864
2020/05/26-10:57:08.384569 10e52c000             Options.target_file_size_multiplier: 1
2020/05/26-10:57:08.384571 10e52c000                Options.max_bytes_for_level_base: 268435456
2020/05/26-10:57:08.384573 10e52c000                      Options.snap_refresh_nanos: 0
2020/05/26-10:57:08.384575 10e52c000 Options.level_compaction_dynamic_level_bytes: 0
2020/05/26-10:57:08.384577 10e52c000          Options.max_bytes_for_level_multiplier: 10.000000
2020/05/26-10:57:08.384580 10e52c000 Options.max_bytes_for_level_multiplier_addtl[0]: 1
2020/05/26-10:57:08.384583 10e52c000 Options.max_bytes_for_level_multiplier_addtl[1]: 1
2020/05/26-10:57:08.384585 10e52c000 Options.max_bytes_for_level_multiplier_addtl[2]: 1
2020/05/26-10:57:08.384587 10e52c000 Options.max_bytes_for_level_multiplier_addtl[3]: 1
2020/05/26-10:57:08.384589 10e52c000 Options.max_bytes_for_level_multiplier_addtl[4]: 1
2020/05/26-10:57:08.384591 10e52c000 Options.max_bytes_for_level_multiplier_addtl[5]: 1
2020/05/26-10:57:08.384593 10e52c000 Options.max_bytes_for_level_multiplier_addtl[6]: 1
2020/05/26-10:57:08.384595 10e52c000       Options.max_sequential_skip_in_iterations: 8
2020/05/26-10:57:08.384596 10e52c000                    Options.max_compaction_bytes: 1677721600
2020/05/26-10:57:08.384598 10e52c000                        Options.arena_block_size: 8388608
2020/05/26-10:57:08.384600 10e52c000   Options.soft_pending_compaction_bytes_limit: 68719476736
2020/05/26-10:57:08.384603 10e52c000   Options.hard_pending_compaction_bytes_limit: 274877906944
2020/05/26-10:57:08.384605 10e52c000       Options.rate_limit_delay_max_milliseconds: 100
2020/05/26-10:57:08.384607 10e52c000                Options.disable_auto_compactions: 1
2020/05/26-10:57:08.384609 10e52c000                        Options.compaction_style: kCompactionStyleLevel
2020/05/26-10:57:08.384612 10e52c000                          Options.compaction_pri: kMinOverlappingRatio
2020/05/26-10:57:08.384613 10e52c000 Options.compaction_options_universal.size_ratio: 1
2020/05/26-10:57:08.384615 10e52c000 Options.compaction_options_universal.min_merge_width: 2
2020/05/26-10:57:08.384617 10e52c000 Options.compaction_options_universal.max_merge_width: 4294967295
2020/05/26-10:57:08.384619 10e52c000 Options.compaction_options_universal.max_size_amplification_percent: 200
2020/05/26-10:57:08.384621 10e52c000 Options.compaction_options_universal.compression_size_percent: -1
2020/05/26-10:57:08.384624 10e52c000 Options.compaction_options_universal.stop_style: kCompactionStopStyleTotalSize
2020/05/26-10:57:08.384626 10e52c000 Options.compaction_options_fifo.max_table_files_size: 1073741824
2020/05/26-10:57:08.384628 10e52c000 Options.compaction_options_fifo.allow_compaction: 0
2020/05/26-10:57:08.384630 10e52c000                   Options.table_properties_collectors: 
2020/05/26-10:57:08.384632 10e52c000                   Options.inplace_update_support: 0
2020/05/26-10:57:08.384634 10e52c000                 Options.inplace_update_num_locks: 10000
2020/05/26-10:57:08.384636 10e52c000               Options.memtable_prefix_bloom_size_ratio: 0.000000
2020/05/26-10:57:08.384638 10e52c000               Options.memtable_whole_key_filtering: 0
2020/05/26-10:57:08.384640 10e52c000   Options.memtable_huge_page_size: 0
2020/05/26-10:57:08.384642 10e52c000                           Options.bloom_locality: 0
2020/05/26-10:57:08.384643 10e52c000                    Options.max_successive_merges: 0
2020/05/26-10:57:08.384645 10e52c000                Options.optimize_filters_for_hits: 0
2020/05/26-10:57:08.384647 10e52c000                Options.paranoid_file_checks: 0
2020/05/26-10:57:08.384649 10e52c000                Options.force_consistency_checks: 0
2020/05/26-10:57:08.384651 10e52c000                Options.report_bg_io_stats: 0
2020/05/26-10:57:08.384653 10e52c000                               Options.ttl: 0
2020/05/26-10:57:08.384655 10e52c000          Options.periodic_compaction_seconds: 0
2020/05/26-10:57:08.384703 10e52c000 [lumn_family.cc:481] --------------- Options for column family []:
2020/05/26-10:57:08.384707 10e52c000               Options.comparator: leveldb.BytewiseComparator
2020/05/26-10:57:08.384709 10e52c000           Options.merge_operator: None
2020/05/26-10:57:08.384711 10e52c000        Options.compaction_filter: None
2020/05/26-10:57:08.384713 10e52c000        Options.compaction_filter_factory: None
2020/05/26-10:57:08.384715 10e52c000         Options.memtable_factory: SkipListFactory
2020/05/26-10:57:08.384717 10e52c000            Options.table_factory: BlockBasedTable
2020/05/26-10:57:08.384738 10e52c000            table_factory options:   flush_block_policy_factory: FlushBlockBySizePolicyFactory (0x7fb4152f5790)
  cache_index_and_filter_blocks: 0
  cache_index_and_filter_blocks_with_high_priority: 1
  pin_l0_filter_and_index_blocks_in_cache: 0
  pin_top_level_index_and_filter: 1
  index_type: 0
  data_block_index_type: 0
  index_shortening: 1
  data_block_hash_table_util_ratio: 0.750000
  hash_index_allow_collision: 1
  checksum: 1
  no_block_cache: 0
  block_cache: 0x7fb4152f57d8
  block_cache_name: LRUCache
  block_cache_options:
    capacity : 8388608
    num_shard_bits : 4
    strict_capacity_limit : 0
    memory_allocator : None
    high_pri_pool_ratio: 0.000
  block_cache_compressed: 0x0
  persistent_cache: 0x0
  block_size: 4096
  block_size_deviation: 10
  block_restart_interval: 16
  index_block_restart_interval: 1
  metadata_block_size: 4096
  partition_filters: 0
  use_delta_encoding: 1
  filter_policy: nullptr
  whole_key_filtering: 1
  verify_compression: 0
  read_amp_bytes_per_bit: 0
  format_version: 2
  enable_index_compression: 1
  block_align: 0
2020/05/26-10:57:08.384741 10e52c000        Options.write_buffer_size: 67108864
2020/05/26-10:57:08.384743 10e52c000  Options.max_write_buffer_number: 2
2020/05/26-10:57:08.384746 10e52c000          Options.compression: Snappy
2020/05/26-10:57:08.384748 10e52c000                  Options.bottommost_compression: Disabled
2020/05/26-10:57:08.384749 10e52c000       Options.prefix_extractor: nullptr
2020/05/26-10:57:08.384751 10e52c000   Options.memtable_insert_with_hint_prefix_extractor: nullptr
2020/05/26-10:57:08.384753 10e52c000             Options.num_levels: 7
2020/05/26-10:57:08.384755 10e52c000        Options.min_write_buffer_number_to_merge: 1
2020/05/26-10:57:08.384757 10e52c000     Options.max_write_buffer_number_to_maintain: 2
2020/05/26-10:57:08.384759 10e52c000            Options.bottommost_compression_opts.window_bits: -14
2020/05/26-10:57:08.384761 10e52c000                  Options.bottommost_compression_opts.level: 32767
2020/05/26-10:57:08.384763 10e52c000               Options.bottommost_compression_opts.strategy: 0
2020/05/26-10:57:08.384765 10e52c000         Options.bottommost_compression_opts.max_dict_bytes: 0
2020/05/26-10:57:08.384766 10e52c000         Options.bottommost_compression_opts.zstd_max_train_bytes: 0
2020/05/26-10:57:08.384768 10e52c000                  Options.bottommost_compression_opts.enabled: false
2020/05/26-10:57:08.384770 10e52c000            Options.compression_opts.window_bits: -14
2020/05/26-10:57:08.384772 10e52c000                  Options.compression_opts.level: 32767
2020/05/26-10:57:08.384774 10e52c000               Options.compression_opts.strategy: 0
2020/05/26-10:57:08.384776 10e52c000         Options.compression_opts.max_dict_bytes: 0
2020/05/26-10:57:08.384778 10e52c000         Options.compression_opts.zstd_max_train_bytes: 0
2020/05/26-10:57:08.384780 10e52c000                  Options.compression_opts.enabled: false
2020/05/26-10:57:08.384782 10e52c000      Options.level0_file_num_compaction_trigger: 4
2020/05/26-10:57:08.384784 10e52c000          Options.level0_slowdown_writes_trigger: 20
2020/05/26-10:57:08.384786 10e52c000              Options.level0_stop_writes_trigger: 36
2020/05/26-10:57:08.384788 10e52c000                   Options.target_file_size_base: 67108864
2020/05/26-10:57:08.384790 10e52c000             Options.target_file_size_multiplier: 1
2020/05/26-10:57:08.384792 10e52c000                Options.max_bytes_for_level_base: 268435456
2020/05/26-10:57:08.384794 10e52c000                      Options.snap_refresh_nanos: 0
2020/05/26-10:57:08.384796 10e52c000 Options.level_compaction_dynamic_level_bytes: 0
2020/05/26-10:57:08.384798 10e52c000          Options.max_bytes_for_level_multiplier: 10.000000
2020/05/26-10:57:08.384800 10e52c000 Options.max_bytes_for_level_multiplier_addtl[0]: 1
2020/05/26-10:57:08.384803 10e52c000 Options.max_bytes_for_level_multiplier_addtl[1]: 1
2020/05/26-10:57:08.384805 10e52c000 Options.max_bytes_for_level_multiplier_addtl[2]: 1
2020/05/26-10:57:08.384806 10e52c000 Options.max_bytes_for_level_multiplier_addtl[3]: 1
2020/05/26-10:57:08.384808 10e52c000 Options.max_bytes_for_level_multiplier_addtl[4]: 1
2020/05/26-10:57:08.384810 10e52c000 Options.max_bytes_for_level_multiplier_addtl[5]: 1
2020/05/26-10:57:08.384813 10e52c000 Options.max_bytes_for_level_multiplier_addtl[6]: 1
2020/05/26-10:57:08.384815 10e52c000       Options.max_sequential_skip_in_iterations: 8
2020/05/26-10:57:08.384817 10e52c000                    Options.max_compaction_bytes: 1677721600
2020/05/26-10:57:08.384819 10e52c000                        Options.arena_block_size: 8388608
2020/05/26-10:57:08.384821 10e52c000   Options.soft_pending_compaction_bytes_limit: 68719476736
2020/05/26-10:57:08.384822 10e52c000   Options.hard_pending_compaction_bytes_limit: 274877906944
2020/05/26-10:57:08.384825 10e52c000       Options.rate_limit_delay_max_milliseconds: 100
2020/05/26-10:57:08.384827 10e52c000                Options.disable_auto_compactions: 1
2020/05/26-10:57:08.384829 10e52c000                        Options.compaction_style: kCompactionStyleLevel
2020/05/26-10:57:08.384831 10e52c000                          Options.compaction_pri: kMinOverlappingRatio
2020/05/26-10:57:08.384833 10e52c000 Options.compaction_options_universal.size_ratio: 1
2020/05/26-10:57:08.384835 10e52c000 Options.compaction_options_universal.min_merge_width: 2
2020/05/26-10:57:08.384837 10e52c000 Options.compaction_options_universal.max_merge_width: 4294967295
2020/05/26-10:57:08.384839 10e52c000 Options.compaction_options_universal.max_size_amplification_percent: 200
2020/05/26-10:57:08.384841 10e52c000 Options.compaction_options_universal.compression_size_percent: -1
2020/05/26-10:57:08.384844 10e52c000 Options.compaction_options_universal.stop_style: kCompactionStopStyleTotalSize
2020/05/26-10:57:08.384846 10e52c000 Options.compaction_options_fifo.max_table_files_size: 1073741824
2020/05/26-10:57:08.384848 10e52c000 Options.compaction_options_fifo.allow_compaction: 0
2020/05/26-10:57:08.384850 10e52c000                   Options.table_properties_collectors: 
2020/05/26-10:57:08.384852 10e52c000                   Options.inplace_update_support: 0
2020/05/26-10:57:08.384854 10e52c000                 Options.inplace_update_num_locks: 10000
2020/05/26-10:57:08.384856 10e52c000               Options.memtable_prefix_bloom_size_ratio: 0.000000
2020/05/26-10:57:08.384859 10e52c000               Options.memtable_whole_key_filtering: 0
2020/05/26-10:57:08.384861 10e52c000   Options.memtable_huge_page_size: 0
2020/05/26-10:57:08.384863 10e52c000                           Options.bloom_locality: 0
2020/05/26-10:57:08.384865 10e52c000                    Options.max_successive_merges: 0
2020/05/26-10:57:08.384867 10e52c000                Options.optimize_filters_for_hits: 0
