2020/04/29-17:15:40.252551 109d6a000 RocksDB version: 6.4.6
2020/04/29-17:15:40.252622 109d6a000 Git sha rocksdb_build_git_sha:e3169e3ea8762d2f34880742106858a23c8dc8b7
2020/04/29-17:15:40.252625 109d6a000 Compile date Nov 24 2019
2020/04/29-17:15:40.252630 109d6a000 DB SUMMARY
2020/04/29-17:15:40.252772 109d6a000 CURRENT file:  CURRENT
2020/04/29-17:15:40.252775 109d6a000 IDENTITY file:  IDENTITY
2020/04/29-17:15:40.252782 109d6a000 MANIFEST file:  MANIFEST-000168 size: 868 Bytes
2020/04/29-17:15:40.252785 109d6a000 SST files in /Users/Happpyyyyyyy/besu Project/Personal_code/IBFT-Network/Node-2/data/database dir, Total Num: 4, files: 000156.sst 000160.sst 000169.sst 000170.sst 
2020/04/29-17:15:40.252787 109d6a000 Write Ahead Log file in /Users/Happpyyyyyyy/besu Project/Personal_code/IBFT-Network/Node-2/data/database: 000003.log size: 1564 ; 000031.log size: 17688 ; 000048.log size: 57955 ; 000065.log size: 43335 ; 000082.log size: 95869 ; 000101.log size: 25028 ; 000118.log size: 10376 ; 000135.log size: 79251 ; 000152.log size: 56143 ; 000171.log size: 608 ; 
2020/04/29-17:15:40.252790 109d6a000                         Options.error_if_exists: 0
2020/04/29-17:15:40.252794 109d6a000                       Options.create_if_missing: 1
2020/04/29-17:15:40.252795 109d6a000                         Options.paranoid_checks: 1
2020/04/29-17:15:40.252796 109d6a000                                     Options.env: 0x12c9420d0
2020/04/29-17:15:40.252798 109d6a000                                Options.info_log: 0x7fce4263ad70
2020/04/29-17:15:40.252799 109d6a000                Options.max_file_opening_threads: 16
2020/04/29-17:15:40.252800 109d6a000                              Options.statistics: 0x7fce42636420
2020/04/29-17:15:40.252801 109d6a000                               Options.use_fsync: 0
2020/04/29-17:15:40.252804 109d6a000                       Options.max_log_file_size: 0
2020/04/29-17:15:40.252806 109d6a000                  Options.max_manifest_file_size: 1073741824
2020/04/29-17:15:40.252807 109d6a000                   Options.log_file_time_to_roll: 0
2020/04/29-17:15:40.252808 109d6a000                       Options.keep_log_file_num: 1000
2020/04/29-17:15:40.252809 109d6a000                    Options.recycle_log_file_num: 0
2020/04/29-17:15:40.252810 109d6a000                         Options.allow_fallocate: 1
2020/04/29-17:15:40.252811 109d6a000                        Options.allow_mmap_reads: 0
2020/04/29-17:15:40.252812 109d6a000                       Options.allow_mmap_writes: 0
2020/04/29-17:15:40.252813 109d6a000                        Options.use_direct_reads: 0
2020/04/29-17:15:40.252814 109d6a000                        Options.use_direct_io_for_flush_and_compaction: 0
2020/04/29-17:15:40.252815 109d6a000          Options.create_missing_column_families: 1
2020/04/29-17:15:40.252816 109d6a000                              Options.db_log_dir: 
2020/04/29-17:15:40.252817 109d6a000                                 Options.wal_dir: /Users/Happpyyyyyyy/besu Project/Personal_code/IBFT-Network/Node-2/data/database
2020/04/29-17:15:40.252818 109d6a000                Options.table_cache_numshardbits: 6
2020/04/29-17:15:40.252819 109d6a000                      Options.max_subcompactions: 1
2020/04/29-17:15:40.252820 109d6a000                  Options.max_background_flushes: -1
2020/04/29-17:15:40.252821 109d6a000                         Options.WAL_ttl_seconds: 0
2020/04/29-17:15:40.252822 109d6a000                       Options.WAL_size_limit_MB: 0
2020/04/29-17:15:40.252823 109d6a000             Options.manifest_preallocation_size: 4194304
2020/04/29-17:15:40.252824 109d6a000                     Options.is_fd_close_on_exec: 1
2020/04/29-17:15:40.252825 109d6a000                   Options.advise_random_on_open: 1
2020/04/29-17:15:40.252826 109d6a000                    Options.db_write_buffer_size: 0
2020/04/29-17:15:40.252827 109d6a000                    Options.write_buffer_manager: 0x7fce4263ad10
2020/04/29-17:15:40.252828 109d6a000         Options.access_hint_on_compaction_start: 1
2020/04/29-17:15:40.252829 109d6a000  Options.new_table_reader_for_compaction_inputs: 0
2020/04/29-17:15:40.252830 109d6a000           Options.random_access_max_buffer_size: 1048576
2020/04/29-17:15:40.252831 109d6a000                      Options.use_adaptive_mutex: 0
2020/04/29-17:15:40.252832 109d6a000                            Options.rate_limiter: 0x0
2020/04/29-17:15:40.252834 109d6a000     Options.sst_file_manager.rate_bytes_per_sec: 0
2020/04/29-17:15:40.252835 109d6a000                       Options.wal_recovery_mode: 2
2020/04/29-17:15:40.252836 109d6a000                  Options.enable_thread_tracking: 0
2020/04/29-17:15:40.252837 109d6a000                  Options.enable_pipelined_write: 0
2020/04/29-17:15:40.252838 109d6a000                  Options.unordered_write: 0
2020/04/29-17:15:40.252839 109d6a000         Options.allow_concurrent_memtable_write: 1
2020/04/29-17:15:40.252840 109d6a000      Options.enable_write_thread_adaptive_yield: 1
2020/04/29-17:15:40.252841 109d6a000             Options.write_thread_max_yield_usec: 100
2020/04/29-17:15:40.252842 109d6a000            Options.write_thread_slow_yield_usec: 3
2020/04/29-17:15:40.252843 109d6a000                               Options.row_cache: None
2020/04/29-17:15:40.252844 109d6a000                              Options.wal_filter: None
2020/04/29-17:15:40.252845 109d6a000             Options.avoid_flush_during_recovery: 0
2020/04/29-17:15:40.252846 109d6a000             Options.allow_ingest_behind: 0
2020/04/29-17:15:40.252847 109d6a000             Options.preserve_deletes: 0
2020/04/29-17:15:40.252848 109d6a000             Options.two_write_queues: 0
2020/04/29-17:15:40.252849 109d6a000             Options.manual_wal_flush: 0
2020/04/29-17:15:40.252850 109d6a000             Options.atomic_flush: 0
2020/04/29-17:15:40.252851 109d6a000             Options.avoid_unnecessary_blocking_io: 0
2020/04/29-17:15:40.252852 109d6a000                 Options.persist_stats_to_disk: 0
2020/04/29-17:15:40.252853 109d6a000                 Options.log_readahead_size: 0
2020/04/29-17:15:40.252854 109d6a000             Options.max_background_jobs: 2
2020/04/29-17:15:40.252855 109d6a000             Options.max_background_compactions: 4
2020/04/29-17:15:40.252856 109d6a000             Options.avoid_flush_during_shutdown: 0
2020/04/29-17:15:40.252857 109d6a000           Options.writable_file_max_buffer_size: 1048576
2020/04/29-17:15:40.252858 109d6a000             Options.delayed_write_rate : 16777216
2020/04/29-17:15:40.252859 109d6a000             Options.max_total_wal_size: 0
2020/04/29-17:15:40.252860 109d6a000             Options.delete_obsolete_files_period_micros: 21600000000
2020/04/29-17:15:40.252861 109d6a000                   Options.stats_dump_period_sec: 600
2020/04/29-17:15:40.252862 109d6a000                 Options.stats_persist_period_sec: 600
2020/04/29-17:15:40.252863 109d6a000                 Options.stats_history_buffer_size: 1048576
2020/04/29-17:15:40.252864 109d6a000                          Options.max_open_files: 1024
2020/04/29-17:15:40.252866 109d6a000                          Options.bytes_per_sync: 0
2020/04/29-17:15:40.252867 109d6a000                      Options.wal_bytes_per_sync: 0
2020/04/29-17:15:40.252868 109d6a000                   Options.strict_bytes_per_sync: 0
2020/04/29-17:15:40.252869 109d6a000       Options.compaction_readahead_size: 0
2020/04/29-17:15:40.252870 109d6a000 Compression algorithms supported:
2020/04/29-17:15:40.252874 109d6a000 	kZSTD supported: 1
2020/04/29-17:15:40.252875 109d6a000 	kZlibCompression supported: 1
2020/04/29-17:15:40.252877 109d6a000 	kXpressCompression supported: 0
2020/04/29-17:15:40.252878 109d6a000 	kSnappyCompression supported: 1
2020/04/29-17:15:40.252879 109d6a000 	kZSTDNotFinalCompression supported: 1
2020/04/29-17:15:40.252880 109d6a000 	kLZ4HCCompression supported: 1
2020/04/29-17:15:40.252881 109d6a000 	kLZ4Compression supported: 1
2020/04/29-17:15:40.252882 109d6a000 	kBZip2Compression supported: 1
2020/04/29-17:15:40.252887 109d6a000 Fast CRC32 supported: Not supported on x86
2020/04/29-17:15:40.253087 109d6a000 [rsion_set.cc:4252] Recovering from manifest file: /Users/Happpyyyyyyy/besu Project/Personal_code/IBFT-Network/Node-2/data/database/MANIFEST-000168
2020/04/29-17:15:40.253147 109d6a000 [lumn_family.cc:481] --------------- Options for column family [default]:
2020/04/29-17:15:40.253150 109d6a000               Options.comparator: leveldb.BytewiseComparator
2020/04/29-17:15:40.253151 109d6a000           Options.merge_operator: None
2020/04/29-17:15:40.253152 109d6a000        Options.compaction_filter: None
2020/04/29-17:15:40.253153 109d6a000        Options.compaction_filter_factory: None
2020/04/29-17:15:40.253154 109d6a000         Options.memtable_factory: SkipListFactory
2020/04/29-17:15:40.253156 109d6a000            Options.table_factory: BlockBasedTable
2020/04/29-17:15:40.253177 109d6a000            table_factory options:   flush_block_policy_factory: FlushBlockBySizePolicyFactory (0x7fce42637340)
  cache_index_and_filter_blocks: 0
  cache_index_and_filter_blocks_with_high_priority: 0
  pin_l0_filter_and_index_blocks_in_cache: 0
  pin_top_level_index_and_filter: 1
  index_type: 0
  data_block_index_type: 0
  index_shortening: 1
  data_block_hash_table_util_ratio: 0.750000
  hash_index_allow_collision: 1
  checksum: 1
  no_block_cache: 0
  block_cache: 0x7fce42636ba8
  block_cache_name: LRUCache
  block_cache_options:
    capacity : 8388608
    num_shard_bits : 4
    strict_capacity_limit : 0
    memory_allocator : None
    high_pri_pool_ratio: 0.000
  block_cache_compressed: 0x0
  persistent_cache: 0x0
  block_size: 4096
  block_size_deviation: 10
  block_restart_interval: 16
  index_block_restart_interval: 1
  metadata_block_size: 4096
  partition_filters: 0
  use_delta_encoding: 1
  filter_policy: nullptr
  whole_key_filtering: 1
  verify_compression: 1
  read_amp_bytes_per_bit: 0
  format_version: 2
  enable_index_compression: 1
  block_align: 0
2020/04/29-17:15:40.253179 109d6a000        Options.write_buffer_size: 67108864
2020/04/29-17:15:40.253180 109d6a000  Options.max_write_buffer_number: 2
2020/04/29-17:15:40.253181 109d6a000          Options.compression: Snappy
2020/04/29-17:15:40.253182 109d6a000                  Options.bottommost_compression: Disabled
2020/04/29-17:15:40.253183 109d6a000       Options.prefix_extractor: nullptr
2020/04/29-17:15:40.253184 109d6a000   Options.memtable_insert_with_hint_prefix_extractor: nullptr
2020/04/29-17:15:40.253185 109d6a000             Options.num_levels: 7
2020/04/29-17:15:40.253186 109d6a000        Options.min_write_buffer_number_to_merge: 1
2020/04/29-17:15:40.253188 109d6a000     Options.max_write_buffer_number_to_maintain: 2
2020/04/29-17:15:40.253189 109d6a000            Options.bottommost_compression_opts.window_bits: -14
2020/04/29-17:15:40.253190 109d6a000                  Options.bottommost_compression_opts.level: 32767
2020/04/29-17:15:40.253193 109d6a000               Options.bottommost_compression_opts.strategy: 0
2020/04/29-17:15:40.253195 109d6a000         Options.bottommost_compression_opts.max_dict_bytes: 0
2020/04/29-17:15:40.253196 109d6a000         Options.bottommost_compression_opts.zstd_max_train_bytes: 0
2020/04/29-17:15:40.253197 109d6a000                  Options.bottommost_compression_opts.enabled: false
2020/04/29-17:15:40.253198 109d6a000            Options.compression_opts.window_bits: -14
2020/04/29-17:15:40.253199 109d6a000                  Options.compression_opts.level: 32767
2020/04/29-17:15:40.253200 109d6a000               Options.compression_opts.strategy: 0
2020/04/29-17:15:40.253201 109d6a000         Options.compression_opts.max_dict_bytes: 0
2020/04/29-17:15:40.253202 109d6a000         Options.compression_opts.zstd_max_train_bytes: 0
2020/04/29-17:15:40.253203 109d6a000                  Options.compression_opts.enabled: false
2020/04/29-17:15:40.253204 109d6a000      Options.level0_file_num_compaction_trigger: 4
2020/04/29-17:15:40.253205 109d6a000          Options.level0_slowdown_writes_trigger: 20
2020/04/29-17:15:40.253206 109d6a000              Options.level0_stop_writes_trigger: 36
2020/04/29-17:15:40.253207 109d6a000                   Options.target_file_size_base: 67108864
2020/04/29-17:15:40.253208 109d6a000             Options.target_file_size_multiplier: 1
2020/04/29-17:15:40.253209 109d6a000                Options.max_bytes_for_level_base: 268435456
2020/04/29-17:15:40.253211 109d6a000                      Options.snap_refresh_nanos: 0
2020/04/29-17:15:40.253212 109d6a000 Options.level_compaction_dynamic_level_bytes: 0
2020/04/29-17:15:40.253213 109d6a000          Options.max_bytes_for_level_multiplier: 10.000000
2020/04/29-17:15:40.253214 109d6a000 Options.max_bytes_for_level_multiplier_addtl[0]: 1
2020/04/29-17:15:40.253215 109d6a000 Options.max_bytes_for_level_multiplier_addtl[1]: 1
2020/04/29-17:15:40.253216 109d6a000 Options.max_bytes_for_level_multiplier_addtl[2]: 1
2020/04/29-17:15:40.253217 109d6a000 Options.max_bytes_for_level_multiplier_addtl[3]: 1
2020/04/29-17:15:40.253218 109d6a000 Options.max_bytes_for_level_multiplier_addtl[4]: 1
2020/04/29-17:15:40.253219 109d6a000 Options.max_bytes_for_level_multiplier_addtl[5]: 1
2020/04/29-17:15:40.253220 109d6a000 Options.max_bytes_for_level_multiplier_addtl[6]: 1
2020/04/29-17:15:40.253221 109d6a000       Options.max_sequential_skip_in_iterations: 8
2020/04/29-17:15:40.253222 109d6a000                    Options.max_compaction_bytes: 1677721600
2020/04/29-17:15:40.253223 109d6a000                        Options.arena_block_size: 8388608
2020/04/29-17:15:40.253224 109d6a000   Options.soft_pending_compaction_bytes_limit: 68719476736
2020/04/29-17:15:40.253225 109d6a000   Options.hard_pending_compaction_bytes_limit: 274877906944
2020/04/29-17:15:40.253227 109d6a000       Options.rate_limit_delay_max_milliseconds: 100
2020/04/29-17:15:40.253228 109d6a000                Options.disable_auto_compactions: 1
2020/04/29-17:15:40.253229 109d6a000                        Options.compaction_style: kCompactionStyleLevel
2020/04/29-17:15:40.253231 109d6a000                          Options.compaction_pri: kMinOverlappingRatio
2020/04/29-17:15:40.253232 109d6a000 Options.compaction_options_universal.size_ratio: 1
2020/04/29-17:15:40.253233 109d6a000 Options.compaction_options_universal.min_merge_width: 2
2020/04/29-17:15:40.253234 109d6a000 Options.compaction_options_universal.max_merge_width: 4294967295
2020/04/29-17:15:40.253235 109d6a000 Options.compaction_options_universal.max_size_amplification_percent: 200
2020/04/29-17:15:40.253236 109d6a000 Options.compaction_options_universal.compression_size_percent: -1
2020/04/29-17:15:40.253237 109d6a000 Options.compaction_options_universal.stop_style: kCompactionStopStyleTotalSize
2020/04/29-17:15:40.253238 109d6a000 Options.compaction_options_fifo.max_table_files_size: 1073741824
2020/04/29-17:15:40.253239 109d6a000 Options.compaction_options_fifo.allow_compaction: 0
2020/04/29-17:15:40.253240 109d6a000                   Options.table_properties_collectors: 
2020/04/29-17:15:40.253241 109d6a000                   Options.inplace_update_support: 0
2020/04/29-17:15:40.253242 109d6a000                 Options.inplace_update_num_locks: 10000
2020/04/29-17:15:40.253246 109d6a000               Options.memtable_prefix_bloom_size_ratio: 0.000000
2020/04/29-17:15:40.253248 109d6a000               Options.memtable_whole_key_filtering: 0
2020/04/29-17:15:40.253249 109d6a000   Options.memtable_huge_page_size: 0
2020/04/29-17:15:40.253250 109d6a000                           Options.bloom_locality: 0
2020/04/29-17:15:40.253251 109d6a000                    Options.max_successive_merges: 0
2020/04/29-17:15:40.253252 109d6a000                Options.optimize_filters_for_hits: 0
2020/04/29-17:15:40.253253 109d6a000                Options.paranoid_file_checks: 0
2020/04/29-17:15:40.253254 109d6a000                Options.force_consistency_checks: 0
2020/04/29-17:15:40.253255 109d6a000                Options.report_bg_io_stats: 0
2020/04/29-17:15:40.253256 109d6a000                               Options.ttl: 0
2020/04/29-17:15:40.253257 109d6a000          Options.periodic_compaction_seconds: 0
2020/04/29-17:15:40.253329 109d6a000 [lumn_family.cc:481] --------------- Options for column family []:
2020/04/29-17:15:40.253332 109d6a000               Options.comparator: leveldb.BytewiseComparator
2020/04/29-17:15:40.253333 109d6a000           Options.merge_operator: None
2020/04/29-17:15:40.253334 109d6a000        Options.compaction_filter: None
2020/04/29-17:15:40.253335 109d6a000        Options.compaction_filter_factory: None
2020/04/29-17:15:40.253336 109d6a000         Options.memtable_factory: SkipListFactory
2020/04/29-17:15:40.253337 109d6a000            Options.table_factory: BlockBasedTable
2020/04/29-17:15:40.253349 109d6a000            table_factory options:   flush_block_policy_factory: FlushBlockBySizePolicyFactory (0x7fce42630fa0)
  cache_index_and_filter_blocks: 0
  cache_index_and_filter_blocks_with_high_priority: 1
  pin_l0_filter_and_index_blocks_in_cache: 0
  pin_top_level_index_and_filter: 1
  index_type: 0
  data_block_index_type: 0
  index_shortening: 1
  data_block_hash_table_util_ratio: 0.750000
  hash_index_allow_collision: 1
  checksum: 1
  no_block_cache: 0
  block_cache: 0x7fce42631928
  block_cache_name: LRUCache
  block_cache_options:
    capacity : 8388608
    num_shard_bits : 4
    strict_capacity_limit : 0
    memory_allocator : None
    high_pri_pool_ratio: 0.000
  block_cache_compressed: 0x0
  persistent_cache: 0x0
  block_size: 4096
  block_size_deviation: 10
  block_restart_interval: 16
  index_block_restart_interval: 1
  metadata_block_size: 4096
  partition_filters: 0
  use_delta_encoding: 1
  filter_policy: nullptr
  whole_key_filtering: 1
  verify_compression: 0
  read_amp_bytes_per_bit: 0
  format_version: 2
  enable_index_compression: 1
  block_align: 0
2020/04/29-17:15:40.253351 109d6a000        Options.write_buffer_size: 67108864
2020/04/29-17:15:40.253352 109d6a000  Options.max_write_buffer_number: 2
2020/04/29-17:15:40.253353 109d6a000          Options.compression: Snappy
2020/04/29-17:15:40.253354 109d6a000                  Options.bottommost_compression: Disabled
2020/04/29-17:15:40.253355 109d6a000       Options.prefix_extractor: nullptr
2020/04/29-17:15:40.253356 109d6a000   Options.memtable_insert_with_hint_prefix_extractor: nullptr
2020/04/29-17:15:40.253357 109d6a000             Options.num_levels: 7
2020/04/29-17:15:40.253358 109d6a000        Options.min_write_buffer_number_to_merge: 1
2020/04/29-17:15:40.253359 109d6a000     Options.max_write_buffer_number_to_maintain: 2
2020/04/29-17:15:40.253360 109d6a000            Options.bottommost_compression_opts.window_bits: -14
2020/04/29-17:15:40.253361 109d6a000                  Options.bottommost_compression_opts.level: 32767
2020/04/29-17:15:40.253362 109d6a000               Options.bottommost_compression_opts.strategy: 0
2020/04/29-17:15:40.253363 109d6a000         Options.bottommost_compression_opts.max_dict_bytes: 0
2020/04/29-17:15:40.253364 109d6a000         Options.bottommost_compression_opts.zstd_max_train_bytes: 0
2020/04/29-17:15:40.253365 109d6a000                  Options.bottommost_compression_opts.enabled: false
2020/04/29-17:15:40.253366 109d6a000            Options.compression_opts.window_bits: -14
2020/04/29-17:15:40.253367 109d6a000                  Options.compression_opts.level: 32767
2020/04/29-17:15:40.253368 109d6a000               Options.compression_opts.strategy: 0
2020/04/29-17:15:40.253369 109d6a000         Options.compression_opts.max_dict_bytes: 0
2020/04/29-17:15:40.253370 109d6a000         Options.compression_opts.zstd_max_train_bytes: 0
2020/04/29-17:15:40.253371 109d6a000                  Options.compression_opts.enabled: false
2020/04/29-17:15:40.253372 109d6a000      Options.level0_file_num_compaction_trigger: 4
2020/04/29-17:15:40.253373 109d6a000          Options.level0_slowdown_writes_trigger: 20
2020/04/29-17:15:40.253374 109d6a000              Options.level0_stop_writes_trigger: 36
2020/04/29-17:15:40.253375 109d6a000                   Options.target_file_size_base: 67108864
2020/04/29-17:15:40.253376 109d6a000             Options.target_file_size_multiplier: 1
2020/04/29-17:15:40.253377 109d6a000                Options.max_bytes_for_level_base: 268435456
2020/04/29-17:15:40.253378 109d6a000                      Options.snap_refresh_nanos: 0
2020/04/29-17:15:40.253379 109d6a000 Options.level_compaction_dynamic_level_bytes: 0
2020/04/29-17:15:40.253380 109d6a000          Options.max_bytes_for_level_multiplier: 10.000000
2020/04/29-17:15:40.253382 109d6a000 Options.max_bytes_for_level_multiplier_addtl[0]: 1
2020/04/29-17:15:40.253383 109d6a000 Options.max_bytes_for_level_multiplier_addtl[1]: 1
2020/04/29-17:15:40.253384 109d6a000 Options.max_bytes_for_level_multiplier_addtl[2]: 1
2020/04/29-17:15:40.253385 109d6a000 Options.max_bytes_for_level_multiplier_addtl[3]: 1
2020/04/29-17:15:40.253386 109d6a000 Options.max_bytes_for_level_multiplier_addtl[4]: 1
2020/04/29-17:15:40.253387 109d6a000 Options.max_bytes_for_level_multiplier_addtl[5]: 1
2020/04/29-17:15:40.253388 109d6a000 Options.max_bytes_for_level_multiplier_addtl[6]: 1
2020/04/29-17:15:40.253389 109d6a000       Options.max_sequential_skip_in_iterations: 8
2020/04/29-17:15:40.253390 109d6a000                    Options.max_compaction_bytes: 1677721600
2020/04/29-17:15:40.253391 109d6a000                        Options.arena_block_size: 8388608
2020/04/29-17:15:40.253392 109d6a000   Options.soft_pending_compaction_bytes_limit: 68719476736
2020/04/29-17:15:40.253393 109d6a000   Options.hard_pending_compaction_bytes_limit: 274877906944
2020/04/29-17:15:40.253394 109d6a000       Options.rate_limit_delay_max_milliseconds: 100
2020/04/29-17:15:40.253395 109d6a000                Options.disable_auto_compactions: 1
2020/04/29-17:15:40.253396 109d6a000                        Options.compaction_style: kCompactionStyleLevel
2020/04/29-17:15:40.253397 109d6a000                          Options.compaction_pri: kMinOverlappingRatio
2020/04/29-17:15:40.253398 109d6a000 Options.compaction_options_universal.size_ratio: 1
2020/04/29-17:15:40.253399 109d6a000 Options.compaction_options_universal.min_merge_width: 2
2020/04/29-17:15:40.253400 109d6a000 Options.compaction_options_universal.max_merge_width: 4294967295
2020/04/29-17:15:40.253401 109d6a000 Options.compaction_options_universal.max_size_amplification_percent: 200
2020/04/29-17:15:40.253402 109d6a000 Options.compaction_options_universal.compression_size_percent: -1
2020/04/29-17:15:40.253403 109d6a000 Options.compaction_options_universal.stop_style: kCompactionStopStyleTotalSize
2020/04/29-17:15:40.253404 109d6a000 Options.compaction_options_fifo.max_table_files_size: 1073741824
2020/04/29-17:15:40.253405 109d6a000 Options.compaction_options_fifo.allow_compaction: 0
2020/04/29-17:15:40.253407 109d6a000                   Options.table_properties_collectors: 
2020/04/29-17:15:40.253408 109d6a000                   Options.inplace_update_support: 0
2020/04/29-17:15:40.253409 109d6a000                 Options.inplace_update_num_locks: 10000
2020/04/29-17:15:40.253410 109d6a000               Options.memtable_prefix_bloom_size_ratio: 0.000000
2020/04/29-17:15:40.253411 109d6a000               Options.memtable_whole_key_filtering: 0
2020/04/29-17:15:40.253412 109d6a000   Options.memtable_huge_page_size: 0
2020/04/29-17:15:40.253413 109d6a000                           Options.bloom_locality: 0
2020/04/29-17:15:40.253414 109d6a000                    Options.max_successive_merges: 0
2020/04/29-17:15:40.253415 109d6a000                Options.optimize_filters_for_hits: 0
2020/04/29-17:15:40.253416 109d6a000                Options.paranoid_file_checks: 0
2020/04/29-17:15:40.253417 109d6a000                Options.force_consistency_checks: 0
2020/04/29-17:15:40.253418 109d6a000                Options.report_bg_io_stats: 0
2020/04/29-17:15:40.253419 109d6a000                               Options.ttl: 0
2020/04/29-17:15:40.253420 109d6a000          Options.periodic_compaction_seconds: 0
2020/04/29-17:15:40.253453 109d6a000 [lumn_family.cc:481] --------------- Options for column family []:
2020/04/29-17:15:40.253455 109d6a000               Options.comparator: leveldb.BytewiseComparator
2020/04/29-17:15:40.253457 109d6a000           Options.merge_operator: None
2020/04/29-17:15:40.253458 109d6a000        Options.compaction_filter: None
2020/04/29-17:15:40.253459 109d6a000        Options.compaction_filter_factory: None
2020/04/29-17:15:40.253460 109d6a000         Options.memtable_factory: SkipListFactory
2020/04/29-17:15:40.253461 109d6a000            Options.table_factory: BlockBasedTable
2020/04/29-17:15:40.253472 109d6a000            table_factory options:   flush_block_policy_factory: FlushBlockBySizePolicyFactory (0x7fce42631a00)
  cache_index_and_filter_blocks: 0
  cache_index_and_filter_blocks_with_high_priority: 1
  pin_l0_filter_and_index_blocks_in_cache: 0
  pin_top_level_index_and_filter: 1
  index_type: 0
  data_block_index_type: 0
  index_shortening: 1
  data_block_hash_table_util_ratio: 0.750000
  hash_index_allow_collision: 1
  checksum: 1
  no_block_cache: 0
  block_cache: 0x7fce42632718
  block_cache_name: LRUCache
  block_cache_options:
    capacity : 8388608
    num_shard_bits : 4
    strict_capacity_limit : 0
    memory_allocator : None
    high_pri_pool_ratio: 0.000
  block_cache_compressed: 0x0
  persistent_cache: 0x0
  block_size: 4096
  block_size_deviation: 10
  block_restart_interval: 16
  index_block_restart_interval: 1
  metadata_block_size: 4096
  partition_filters: 0
  use_delta_encoding: 1
  filter_policy: nullptr
  whole_key_filtering: 1
  verify_compression: 0
  read_amp_bytes_per_bit: 0
  format_version: 2
  enable_index_compression: 1
  block_align: 0
2020/04/29-17:15:40.253473 109d6a000        Options.write_buffer_size: 67108864
2020/04/29-17:15:40.253474 109d6a000  Options.max_write_buffer_number: 2
2020/04/29-17:15:40.253475 109d6a000          Options.compression: Snappy
2020/04/29-17:15:40.253476 109d6a000                  Options.bottommost_compression: Disabled
2020/04/29-17:15:40.253477 109d6a000       Options.prefix_extractor: nullptr
2020/04/29-17:15:40.253478 109d6a000   Options.memtable_insert_with_hint_prefix_extractor: nullptr
2020/04/29-17:15:40.253479 109d6a000             Options.num_levels: 7
2020/04/29-17:15:40.253480 109d6a000        Options.min_write_buffer_number_to_merge: 1
2020/04/29-17:15:40.253481 109d6a000     Options.max_write_buffer_number_to_maintain: 2
2020/04/29-17:15:40.253482 109d6a000            Options.bottommost_compression_opts.window_bits: -14
2020/04/29-17:15:40.253483 109d6a000                  Options.bottommost_compression_opts.level: 32767
2020/04/29-17:15:40.253484 109d6a000               Options.bottommost_compression_opts.strategy: 0
2020/04/29-17:15:40.253485 109d6a000         Options.bottommost_compression_opts.max_dict_bytes: 0
2020/04/29-17:15:40.253486 109d6a000         Options.bottommost_compression_opts.zstd_max_train_bytes: 0
2020/04/29-17:15:40.253487 109d6a000                  Options.bottommost_compression_opts.enabled: false
2020/04/29-17:15:40.253499 109d6a000            Options.compression_opts.window_bits: -14
2020/04/29-17:15:40.253501 109d6a000                  Options.compression_opts.level: 32767
2020/04/29-17:15:40.253502 109d6a000               Options.compression_opts.strategy: 0
2020/04/29-17:15:40.253504 109d6a000         Options.compression_opts.max_dict_bytes: 0
2020/04/29-17:15:40.253505 109d6a000         Options.compression_opts.zstd_max_train_bytes: 0
2020/04/29-17:15:40.253507 109d6a000                  Options.compression_opts.enabled: false
2020/04/29-17:15:40.253508 109d6a000      Options.level0_file_num_compaction_trigger: 4
2020/04/29-17:15:40.253510 109d6a000          Options.level0_slowdown_writes_trigger: 20
2020/04/29-17:15:40.253511 109d6a000              Options.level0_stop_writes_trigger: 36
2020/04/29-17:15:40.253513 109d6a000                   Options.target_file_size_base: 67108864
2020/04/29-17:15:40.253515 109d6a000             Options.target_file_size_multiplier: 1
2020/04/29-17:15:40.253516 109d6a000                Options.max_bytes_for_level_base: 268435456
2020/04/29-17:15:40.253518 109d6a000                      Options.snap_refresh_nanos: 0
2020/04/29-17:15:40.253519 109d6a000 Options.level_compaction_dynamic_level_bytes: 0
2020/04/29-17:15:40.253521 109d6a000          Options.max_bytes_for_level_multiplier: 10.000000
2020/04/29-17:15:40.253523 109d6a000 Options.max_bytes_for_level_multiplier_addtl[0]: 1
2020/04/29-17:15:40.253524 109d6a000 Options.max_bytes_for_level_multiplier_addtl[1]: 1
2020/04/29-17:15:40.253526 109d6a000 Options.max_bytes_for_level_multiplier_addtl[2]: 1
2020/04/29-17:15:40.253528 109d6a000 Options.max_bytes_for_level_multiplier_addtl[3]: 1
2020/04/29-17:15:40.253529 109d6a000 Options.max_bytes_for_level_multiplier_addtl[4]: 1
2020/04/29-17:15:40.253531 109d6a000 Options.max_bytes_for_level_multiplier_addtl[5]: 1
2020/04/29-17:15:40.253532 109d6a000 Options.max_bytes_for_level_multiplier_addtl[6]: 1
2020/04/29-17:15:40.253534 109d6a000       Options.max_sequential_skip_in_iterations: 8
2020/04/29-17:15:40.253535 109d6a000                    Options.max_compaction_bytes: 1677721600
2020/04/29-17:15:40.253537 109d6a000                        Options.arena_block_size: 8388608
2020/04/29-17:15:40.253539 109d6a000   Options.soft_pending_compaction_bytes_limit: 68719476736
2020/04/29-17:15:40.253540 109d6a000   Options.hard_pending_compaction_bytes_limit: 274877906944
2020/04/29-17:15:40.253542 109d6a000       Options.rate_limit_delay_max_milliseconds: 100
2020/04/29-17:15:40.253543 109d6a000                Options.disable_auto_compactions: 1
2020/04/29-17:15:40.253545 109d6a000                        Options.compaction_style: kCompactionStyleLevel
2020/04/29-17:15:40.253547 109d6a000                          Options.compaction_pri: kMinOverlappingRatio
2020/04/29-17:15:40.253549 109d6a000 Options.compaction_options_universal.size_ratio: 1
2020/04/29-17:15:40.253550 109d6a000 Options.compaction_options_universal.min_merge_width: 2
2020/04/29-17:15:40.253552 109d6a000 Options.compaction_options_universal.max_merge_width: 4294967295
2020/04/29-17:15:40.253554 109d6a000 Options.compaction_options_universal.max_size_amplification_percent: 200
2020/04/29-17:15:40.253555 109d6a000 Options.compaction_options_universal.compression_size_percent: -1
2020/04/29-17:15:40.253558 109d6a000 Options.compaction_options_universal.stop_style: kCompactionStopStyleTotalSize
2020/04/29-17:15:40.253560 109d6a000 Options.compaction_options_fifo.max_table_files_size: 1073741824
2020/04/29-17:15:40.253561 109d6a000 Options.compaction_options_fifo.allow_compaction: 0
2020/04/29-17:15:40.253563 109d6a000                   Options.table_properties_collectors: 
2020/04/29-17:15:40.253565 109d6a000                   Options.inplace_update_support: 0
2020/04/29-17:15:40.253566 109d6a000                 Options.inplace_update_num_locks: 10000
2020/04/29-17:15:40.253568 109d6a000               Options.memtable_prefix_bloom_size_ratio: 0.000000
2020/04/29-17:15:40.253570 109d6a000               Options.memtable_whole_key_filtering: 0
2020/04/29-17:15:40.253571 109d6a000   Options.memtable_huge_page_size: 0
2020/04/29-17:15:40.253573 109d6a000                           Options.bloom_locality: 0
2020/04/29-17:15:40.253575 109d6a000                    Options.max_successive_merges: 0
2020/04/29-17:15:40.253576 109d6a000                Options.optimize_filters_for_hits: 0
2020/04/29-17:15:40.253578 109d6a000                Options.paranoid_file_checks: 0
2020/04/29-17:15:40.253580 109d6a000                Options.force_consistency_checks: 0
2020/04/29-17:15:40.253581 109d6a000                Options.report_bg_io_stats: 0
2020/04/29-17:15:40.253582 109d6a000                               Options.ttl: 0
2020/04/29-17:15:40.253583 109d6a000          Options.periodic_compaction_seconds: 0
2020/04/29-17:15:40.253614 109d6a000 [lumn_family.cc:481] --------------- Options for column family []:
2020/04/29-17:15:40.253618 109d6a000               Options.comparator: leveldb.BytewiseComparator
2020/04/29-17:15:40.253620 109d6a000           Options.merge_operator: None
2020/04/29-17:15:40.253621 109d6a000        Options.compaction_filter: None
2020/04/29-17:15:40.253623 109d6a000        Options.compaction_filter_factory: None
2020/04/29-17:15:40.253625 109d6a000         Options.memtable_factory: SkipListFactory
2020/04/29-17:15:40.253626 109d6a000            Options.table_factory: BlockBasedTable
2020/04/29-17:15:40.253643 109d6a000            table_factory options:   flush_block_policy_factory: FlushBlockBySizePolicyFactory (0x7fce42633890)
  cache_index_and_filter_blocks: 0
  cache_index_and_filter_blocks_with_high_priority: 1
  pin_l0_filter_and_index_blocks_in_cache: 0
  pin_top_level_index_and_filter: 1
  index_type: 0
  data_block_index_type: 0
  index_shortening: 1
  data_block_hash_table_util_ratio: 0.750000
  hash_index_allow_collision: 1
  checksum: 1
  no_block_cache: 0
  block_cache: 0x7fce426338d8
  block_cache_name: LRUCache
  block_cache_options:
    capacity : 8388608
    num_shard_bits : 4
    strict_capacity_limit : 0
    memory_allocator : None
    high_pri_pool_ratio: 0.000
  block_cache_compressed: 0x0
  persistent_cache: 0x0
  block_size: 4096
  block_size_deviation: 10
  block_restart_interval: 16
  index_block_restart_interval: 1
  metadata_block_size: 4096
  partition_filters: 0
  use_delta_encoding: 1
  filter_policy: nullptr
  whole_key_filtering: 1
  verify_compression: 0
  read_amp_bytes_per_bit: 0
  format_version: 2
  enable_index_compression: 1
  block_align: 0
2020/04/29-17:15:40.253646 109d6a000        Options.write_buffer_size: 67108864
2020/04/29-17:15:40.253648 109d6a000  Options.max_write_buffer_number: 2
2020/04/29-17:15:40.253650 109d6a000          Options.compression: Snappy
2020/04/29-17:15:40.253652 109d6a000                  Options.bottommost_compression: Disabled
2020/04/29-17:15:40.253653 109d6a000       Options.prefix_extractor: nullptr
2020/04/29-17:15:40.253655 109d6a000   Options.memtable_insert_with_hint_prefix_extractor: nullptr
2020/04/29-17:15:40.253657 109d6a000             Options.num_levels: 7
2020/04/29-17:15:40.253658 109d6a000        Options.min_write_buffer_number_to_merge: 1
2020/04/29-17:15:40.253660 109d6a000     Options.max_write_buffer_number_to_maintain: 2
2020/04/29-17:15:40.253662 109d6a000            Options.bottommost_compression_opts.window_bits: -14
2020/04/29-17:15:40.253663 109d6a000                  Options.bottommost_compression_opts.level: 32767
2020/04/29-17:15:40.253665 109d6a000               Options.bottommost_compression_opts.strategy: 0
2020/04/29-17:15:40.253667 109d6a000         Options.bottommost_compression_opts.max_dict_bytes: 0
2020/04/29-17:15:40.253669 109d6a000         Options.bottommost_compression_opts.zstd_max_train_bytes: 0
2020/04/29-17:15:40.253670 109d6a000                  Options.bottommost_compression_opts.enabled: false
2020/04/29-17:15:40.253672 109d6a000            Options.compression_opts.window_bits: -14
2020/04/29-17:15:40.253674 109d6a000                  Options.compression_opts.level: 32767
2020/04/29-17:15:40.253676 109d6a000               Options.compression_opts.strategy: 0
2020/04/29-17:15:40.253677 109d6a000         Options.compression_opts.max_dict_bytes: 0
2020/04/29-17:15:40.253679 109d6a000         Options.compression_opts.zstd_max_train_bytes: 0
2020/04/29-17:15:40.253681 109d6a000                  Options.compression_opts.enabled: false
2020/04/29-17:15:40.253683 109d6a000      Options.level0_file_num_compaction_trigger: 4
2020/04/29-17:15:40.253684 109d6a000          Options.level0_slowdown_writes_trigger: 20
2020/04/29-17:15:40.253686 109d6a000              Options.level0_stop_writes_trigger: 36
2020/04/29-17:15:40.253688 109d6a000                   Options.target_file_size_base: 67108864
2020/04/29-17:15:40.253690 109d6a000             Options.target_file_size_multiplier: 1
2020/04/29-17:15:40.253692 109d6a000                Options.max_bytes_for_level_base: 268435456
2020/04/29-17:15:40.253693 109d6a000                      Options.snap_refresh_nanos: 0
2020/04/29-17:15:40.253694 109d6a000 Options.level_compaction_dynamic_level_bytes: 0
2020/04/29-17:15:40.253695 109d6a000          Options.max_bytes_for_level_multiplier: 10.000000
2020/04/29-17:15:40.253696 109d6a000 Options.max_bytes_for_level_multiplier_addtl[0]: 1
2020/04/29-17:15:40.253697 109d6a000 Options.max_bytes_for_level_multiplier_addtl[1]: 1
2020/04/29-17:15:40.253698 109d6a000 Options.max_bytes_for_level_multiplier_addtl[2]: 1
2020/04/29-17:15:40.253699 109d6a000 Options.max_bytes_for_level_multiplier_addtl[3]: 1
2020/04/29-17:15:40.253700 109d6a000 Options.max_bytes_for_level_multiplier_addtl[4]: 1
2020/04/29-17:15:40.253702 109d6a000 Options.max_bytes_for_level_multiplier_addtl[5]: 1
2020/04/29-17:15:40.253703 109d6a000 Options.max_bytes_for_level_multiplier_addtl[6]: 1
2020/04/29-17:15:40.253705 109d6a000       Options.max_sequential_skip_in_iterations: 8
2020/04/29-17:15:40.253707 109d6a000                    Options.max_compaction_bytes: 1677721600
2020/04/29-17:15:40.253709 109d6a000                        Options.arena_block_size: 8388608
2020/04/29-17:15:40.253710 109d6a000   Options.soft_pending_compaction_bytes_limit: 68719476736
2020/04/29-17:15:40.253712 109d6a000   Options.hard_pending_compaction_bytes_limit: 274877906944
2020/04/29-17:15:40.253714 109d6a000       Options.rate_limit_delay_max_milliseconds: 100
2020/04/29-17:15:40.253716 109d6a000                Options.disable_auto_compactions: 1
2020/04/29-17:15:40.253718 109d6a000                        Options.compaction_style: kCompactionStyleLevel
2020/04/29-17:15:40.253720 109d6a000                          Options.compaction_pri: kMinOverlappingRatio
2020/04/29-17:15:40.253722 109d6a000 Options.compaction_options_universal.size_ratio: 1
2020/04/29-17:15:40.253723 109d6a000 Options.compaction_options_universal.min_merge_width: 2
2020/04/29-17:15:40.253725 109d6a000 Options.compaction_options_universal.max_merge_width: 4294967295
2020/04/29-17:15:40.253726 109d6a000 Options.compaction_options_universal.max_size_amplification_percent: 200
2020/04/29-17:15:40.253728 109d6a000 Options.compaction_options_universal.compression_size_percent: -1
2020/04/29-17:15:40.253730 109d6a000 Options.compaction_options_universal.stop_style: kCompactionStopStyleTotalSize
2020/04/29-17:15:40.253732 109d6a000 Options.compaction_options_fifo.max_table_files_size: 1073741824
2020/04/29-17:15:40.253734 109d6a000 Options.compaction_options_fifo.allow_compaction: 0
2020/04/29-17:15:40.253735 109d6a000                   Options.table_properties_collectors: 
2020/04/29-17:15:40.253737 109d6a000                   Options.inplace_update_support: 0
2020/04/29-17:15:40.253738 109d6a000                 Options.inplace_update_num_locks: 10000
2020/04/29-17:15:40.253740 109d6a000               Options.memtable_prefix_bloom_size_ratio: 0.000000
2020/04/29-17:15:40.253742 109d6a000               Options.memtable_whole_key_filtering: 0
2020/04/29-17:15:40.253743 109d6a000   Options.memtable_huge_page_size: 0
2020/04/29-17:15:40.253745 109d6a000                           Options.bloom_locality: 0
2020/04/29-17:15:40.253747 109d6a000                    Options.max_successive_merges: 0
2020/04/29-17:15:40.253748 109d6a000                Options.optimize_filters_for_hits: 0
2020/04/29-17:15:40.253750 109d6a000                Options.paranoid_file_checks: 0
2020/04/29-17:15:40.253751 109d6a000                Options.force_consistency_checks: 0
