2020/04/09-15:56:20.936196 108fca000 RocksDB version: 6.4.6
2020/04/09-15:56:20.936302 108fca000 Git sha rocksdb_build_git_sha:e3169e3ea8762d2f34880742106858a23c8dc8b7
2020/04/09-15:56:20.936308 108fca000 Compile date Nov 24 2019
2020/04/09-15:56:20.936315 108fca000 DB SUMMARY
2020/04/09-15:56:20.936405 108fca000 CURRENT file:  CURRENT
2020/04/09-15:56:20.936408 108fca000 IDENTITY file:  IDENTITY
2020/04/09-15:56:20.936421 108fca000 MANIFEST file:  MANIFEST-000004 size: 365 Bytes
2020/04/09-15:56:20.936425 108fca000 SST files in /Users/Happpyyyyyyy/besu Project/Personal_code/IBFT-Network/Node-2/data/database dir, Total Num: 0, files: 
2020/04/09-15:56:20.936427 108fca000 Write Ahead Log file in /Users/Happpyyyyyyy/besu Project/Personal_code/IBFT-Network/Node-2/data/database: 000003.log size: 1564 ; 
2020/04/09-15:56:20.936431 108fca000                         Options.error_if_exists: 0
2020/04/09-15:56:20.936437 108fca000                       Options.create_if_missing: 1
2020/04/09-15:56:20.936439 108fca000                         Options.paranoid_checks: 1
2020/04/09-15:56:20.936441 108fca000                                     Options.env: 0x129ff10d0
2020/04/09-15:56:20.936443 108fca000                                Options.info_log: 0x7ff6dbd1dec0
2020/04/09-15:56:20.936446 108fca000                Options.max_file_opening_threads: 16
2020/04/09-15:56:20.936448 108fca000                              Options.statistics: 0x7ff6dbaf8380
2020/04/09-15:56:20.936450 108fca000                               Options.use_fsync: 0
2020/04/09-15:56:20.936455 108fca000                       Options.max_log_file_size: 0
2020/04/09-15:56:20.936457 108fca000                  Options.max_manifest_file_size: 1073741824
2020/04/09-15:56:20.936459 108fca000                   Options.log_file_time_to_roll: 0
2020/04/09-15:56:20.936461 108fca000                       Options.keep_log_file_num: 1000
2020/04/09-15:56:20.936463 108fca000                    Options.recycle_log_file_num: 0
2020/04/09-15:56:20.936465 108fca000                         Options.allow_fallocate: 1
2020/04/09-15:56:20.936467 108fca000                        Options.allow_mmap_reads: 0
2020/04/09-15:56:20.936469 108fca000                       Options.allow_mmap_writes: 0
2020/04/09-15:56:20.936471 108fca000                        Options.use_direct_reads: 0
2020/04/09-15:56:20.936473 108fca000                        Options.use_direct_io_for_flush_and_compaction: 0
2020/04/09-15:56:20.936475 108fca000          Options.create_missing_column_families: 1
2020/04/09-15:56:20.936477 108fca000                              Options.db_log_dir: 
2020/04/09-15:56:20.936479 108fca000                                 Options.wal_dir: /Users/Happpyyyyyyy/besu Project/Personal_code/IBFT-Network/Node-2/data/database
2020/04/09-15:56:20.936481 108fca000                Options.table_cache_numshardbits: 6
2020/04/09-15:56:20.936483 108fca000                      Options.max_subcompactions: 1
2020/04/09-15:56:20.936485 108fca000                  Options.max_background_flushes: -1
2020/04/09-15:56:20.936487 108fca000                         Options.WAL_ttl_seconds: 0
2020/04/09-15:56:20.936489 108fca000                       Options.WAL_size_limit_MB: 0
2020/04/09-15:56:20.936491 108fca000             Options.manifest_preallocation_size: 4194304
2020/04/09-15:56:20.936493 108fca000                     Options.is_fd_close_on_exec: 1
2020/04/09-15:56:20.936495 108fca000                   Options.advise_random_on_open: 1
2020/04/09-15:56:20.936497 108fca000                    Options.db_write_buffer_size: 0
2020/04/09-15:56:20.936499 108fca000                    Options.write_buffer_manager: 0x7ff6dbd1de60
2020/04/09-15:56:20.936501 108fca000         Options.access_hint_on_compaction_start: 1
2020/04/09-15:56:20.936503 108fca000  Options.new_table_reader_for_compaction_inputs: 0
2020/04/09-15:56:20.936505 108fca000           Options.random_access_max_buffer_size: 1048576
2020/04/09-15:56:20.936507 108fca000                      Options.use_adaptive_mutex: 0
2020/04/09-15:56:20.936509 108fca000                            Options.rate_limiter: 0x0
2020/04/09-15:56:20.936511 108fca000     Options.sst_file_manager.rate_bytes_per_sec: 0
2020/04/09-15:56:20.936514 108fca000                       Options.wal_recovery_mode: 2
2020/04/09-15:56:20.936516 108fca000                  Options.enable_thread_tracking: 0
2020/04/09-15:56:20.936517 108fca000                  Options.enable_pipelined_write: 0
2020/04/09-15:56:20.936519 108fca000                  Options.unordered_write: 0
2020/04/09-15:56:20.936521 108fca000         Options.allow_concurrent_memtable_write: 1
2020/04/09-15:56:20.936523 108fca000      Options.enable_write_thread_adaptive_yield: 1
2020/04/09-15:56:20.936525 108fca000             Options.write_thread_max_yield_usec: 100
2020/04/09-15:56:20.936527 108fca000            Options.write_thread_slow_yield_usec: 3
2020/04/09-15:56:20.936529 108fca000                               Options.row_cache: None
2020/04/09-15:56:20.936531 108fca000                              Options.wal_filter: None
2020/04/09-15:56:20.936533 108fca000             Options.avoid_flush_during_recovery: 0
2020/04/09-15:56:20.936535 108fca000             Options.allow_ingest_behind: 0
2020/04/09-15:56:20.936537 108fca000             Options.preserve_deletes: 0
2020/04/09-15:56:20.936539 108fca000             Options.two_write_queues: 0
2020/04/09-15:56:20.936541 108fca000             Options.manual_wal_flush: 0
2020/04/09-15:56:20.936543 108fca000             Options.atomic_flush: 0
2020/04/09-15:56:20.936545 108fca000             Options.avoid_unnecessary_blocking_io: 0
2020/04/09-15:56:20.936547 108fca000                 Options.persist_stats_to_disk: 0
2020/04/09-15:56:20.936548 108fca000                 Options.log_readahead_size: 0
2020/04/09-15:56:20.936550 108fca000             Options.max_background_jobs: 2
2020/04/09-15:56:20.936552 108fca000             Options.max_background_compactions: 4
2020/04/09-15:56:20.936554 108fca000             Options.avoid_flush_during_shutdown: 0
2020/04/09-15:56:20.936556 108fca000           Options.writable_file_max_buffer_size: 1048576
2020/04/09-15:56:20.936558 108fca000             Options.delayed_write_rate : 16777216
2020/04/09-15:56:20.936560 108fca000             Options.max_total_wal_size: 0
2020/04/09-15:56:20.936561 108fca000             Options.delete_obsolete_files_period_micros: 21600000000
2020/04/09-15:56:20.936564 108fca000                   Options.stats_dump_period_sec: 600
2020/04/09-15:56:20.936565 108fca000                 Options.stats_persist_period_sec: 600
2020/04/09-15:56:20.936568 108fca000                 Options.stats_history_buffer_size: 1048576
2020/04/09-15:56:20.936570 108fca000                          Options.max_open_files: 1024
2020/04/09-15:56:20.936572 108fca000                          Options.bytes_per_sync: 0
2020/04/09-15:56:20.936574 108fca000                      Options.wal_bytes_per_sync: 0
2020/04/09-15:56:20.936576 108fca000                   Options.strict_bytes_per_sync: 0
2020/04/09-15:56:20.936578 108fca000       Options.compaction_readahead_size: 0
2020/04/09-15:56:20.936579 108fca000 Compression algorithms supported:
2020/04/09-15:56:20.936586 108fca000 	kZSTD supported: 1
2020/04/09-15:56:20.936589 108fca000 	kZlibCompression supported: 1
2020/04/09-15:56:20.936591 108fca000 	kXpressCompression supported: 0
2020/04/09-15:56:20.936593 108fca000 	kSnappyCompression supported: 1
2020/04/09-15:56:20.936594 108fca000 	kZSTDNotFinalCompression supported: 1
2020/04/09-15:56:20.936596 108fca000 	kLZ4HCCompression supported: 1
2020/04/09-15:56:20.936598 108fca000 	kLZ4Compression supported: 1
2020/04/09-15:56:20.936600 108fca000 	kBZip2Compression supported: 1
2020/04/09-15:56:20.936608 108fca000 Fast CRC32 supported: Not supported on x86
2020/04/09-15:56:20.936914 108fca000 [rsion_set.cc:4252] Recovering from manifest file: /Users/Happpyyyyyyy/besu Project/Personal_code/IBFT-Network/Node-2/data/database/MANIFEST-000004
2020/04/09-15:56:20.937016 108fca000 [lumn_family.cc:481] --------------- Options for column family [default]:
2020/04/09-15:56:20.937023 108fca000               Options.comparator: leveldb.BytewiseComparator
2020/04/09-15:56:20.937026 108fca000           Options.merge_operator: None
2020/04/09-15:56:20.937028 108fca000        Options.compaction_filter: None
2020/04/09-15:56:20.937030 108fca000        Options.compaction_filter_factory: None
2020/04/09-15:56:20.937032 108fca000         Options.memtable_factory: SkipListFactory
2020/04/09-15:56:20.937034 108fca000            Options.table_factory: BlockBasedTable
2020/04/09-15:56:20.937066 108fca000            table_factory options:   flush_block_policy_factory: FlushBlockBySizePolicyFactory (0x7ff6dbaf92a0)
  cache_index_and_filter_blocks: 0
  cache_index_and_filter_blocks_with_high_priority: 0
  pin_l0_filter_and_index_blocks_in_cache: 0
  pin_top_level_index_and_filter: 1
  index_type: 0
  data_block_index_type: 0
  index_shortening: 1
  data_block_hash_table_util_ratio: 0.750000
  hash_index_allow_collision: 1
  checksum: 1
  no_block_cache: 0
  block_cache: 0x7ff6dbaf8b08
  block_cache_name: LRUCache
  block_cache_options:
    capacity : 8388608
    num_shard_bits : 4
    strict_capacity_limit : 0
    memory_allocator : None
    high_pri_pool_ratio: 0.000
  block_cache_compressed: 0x0
  persistent_cache: 0x0
  block_size: 4096
  block_size_deviation: 10
  block_restart_interval: 16
  index_block_restart_interval: 1
  metadata_block_size: 4096
  partition_filters: 0
  use_delta_encoding: 1
  filter_policy: nullptr
  whole_key_filtering: 1
  verify_compression: 1
  read_amp_bytes_per_bit: 0
  format_version: 2
  enable_index_compression: 1
  block_align: 0
2020/04/09-15:56:20.937069 108fca000        Options.write_buffer_size: 67108864
2020/04/09-15:56:20.937071 108fca000  Options.max_write_buffer_number: 2
2020/04/09-15:56:20.937073 108fca000          Options.compression: Snappy
2020/04/09-15:56:20.937074 108fca000                  Options.bottommost_compression: Disabled
2020/04/09-15:56:20.937076 108fca000       Options.prefix_extractor: nullptr
2020/04/09-15:56:20.937078 108fca000   Options.memtable_insert_with_hint_prefix_extractor: nullptr
2020/04/09-15:56:20.937081 108fca000             Options.num_levels: 7
2020/04/09-15:56:20.937083 108fca000        Options.min_write_buffer_number_to_merge: 1
2020/04/09-15:56:20.937085 108fca000     Options.max_write_buffer_number_to_maintain: 2
2020/04/09-15:56:20.937086 108fca000            Options.bottommost_compression_opts.window_bits: -14
2020/04/09-15:56:20.937088 108fca000                  Options.bottommost_compression_opts.level: 32767
2020/04/09-15:56:20.937094 108fca000               Options.bottommost_compression_opts.strategy: 0
2020/04/09-15:56:20.937097 108fca000         Options.bottommost_compression_opts.max_dict_bytes: 0
2020/04/09-15:56:20.937099 108fca000         Options.bottommost_compression_opts.zstd_max_train_bytes: 0
2020/04/09-15:56:20.937101 108fca000                  Options.bottommost_compression_opts.enabled: false
2020/04/09-15:56:20.937103 108fca000            Options.compression_opts.window_bits: -14
2020/04/09-15:56:20.937105 108fca000                  Options.compression_opts.level: 32767
2020/04/09-15:56:20.937107 108fca000               Options.compression_opts.strategy: 0
2020/04/09-15:56:20.937109 108fca000         Options.compression_opts.max_dict_bytes: 0
2020/04/09-15:56:20.937111 108fca000         Options.compression_opts.zstd_max_train_bytes: 0
2020/04/09-15:56:20.937113 108fca000                  Options.compression_opts.enabled: false
2020/04/09-15:56:20.937115 108fca000      Options.level0_file_num_compaction_trigger: 4
2020/04/09-15:56:20.937117 108fca000          Options.level0_slowdown_writes_trigger: 20
2020/04/09-15:56:20.937119 108fca000              Options.level0_stop_writes_trigger: 36
2020/04/09-15:56:20.937121 108fca000                   Options.target_file_size_base: 67108864
2020/04/09-15:56:20.937123 108fca000             Options.target_file_size_multiplier: 1
2020/04/09-15:56:20.937125 108fca000                Options.max_bytes_for_level_base: 268435456
2020/04/09-15:56:20.937127 108fca000                      Options.snap_refresh_nanos: 0
2020/04/09-15:56:20.937129 108fca000 Options.level_compaction_dynamic_level_bytes: 0
2020/04/09-15:56:20.937131 108fca000          Options.max_bytes_for_level_multiplier: 10.000000
2020/04/09-15:56:20.937134 108fca000 Options.max_bytes_for_level_multiplier_addtl[0]: 1
2020/04/09-15:56:20.937136 108fca000 Options.max_bytes_for_level_multiplier_addtl[1]: 1
2020/04/09-15:56:20.937138 108fca000 Options.max_bytes_for_level_multiplier_addtl[2]: 1
2020/04/09-15:56:20.937141 108fca000 Options.max_bytes_for_level_multiplier_addtl[3]: 1
2020/04/09-15:56:20.937143 108fca000 Options.max_bytes_for_level_multiplier_addtl[4]: 1
2020/04/09-15:56:20.937145 108fca000 Options.max_bytes_for_level_multiplier_addtl[5]: 1
2020/04/09-15:56:20.937147 108fca000 Options.max_bytes_for_level_multiplier_addtl[6]: 1
2020/04/09-15:56:20.937149 108fca000       Options.max_sequential_skip_in_iterations: 8
2020/04/09-15:56:20.937151 108fca000                    Options.max_compaction_bytes: 1677721600
2020/04/09-15:56:20.937153 108fca000                        Options.arena_block_size: 8388608
2020/04/09-15:56:20.937155 108fca000   Options.soft_pending_compaction_bytes_limit: 68719476736
2020/04/09-15:56:20.937157 108fca000   Options.hard_pending_compaction_bytes_limit: 274877906944
2020/04/09-15:56:20.937159 108fca000       Options.rate_limit_delay_max_milliseconds: 100
2020/04/09-15:56:20.937161 108fca000                Options.disable_auto_compactions: 1
2020/04/09-15:56:20.937163 108fca000                        Options.compaction_style: kCompactionStyleLevel
2020/04/09-15:56:20.937166 108fca000                          Options.compaction_pri: kMinOverlappingRatio
2020/04/09-15:56:20.937168 108fca000 Options.compaction_options_universal.size_ratio: 1
2020/04/09-15:56:20.937170 108fca000 Options.compaction_options_universal.min_merge_width: 2
2020/04/09-15:56:20.937172 108fca000 Options.compaction_options_universal.max_merge_width: 4294967295
2020/04/09-15:56:20.937174 108fca000 Options.compaction_options_universal.max_size_amplification_percent: 200
2020/04/09-15:56:20.937176 108fca000 Options.compaction_options_universal.compression_size_percent: -1
2020/04/09-15:56:20.937179 108fca000 Options.compaction_options_universal.stop_style: kCompactionStopStyleTotalSize
2020/04/09-15:56:20.937181 108fca000 Options.compaction_options_fifo.max_table_files_size: 1073741824
2020/04/09-15:56:20.937183 108fca000 Options.compaction_options_fifo.allow_compaction: 0
2020/04/09-15:56:20.937185 108fca000                   Options.table_properties_collectors: 
2020/04/09-15:56:20.937187 108fca000                   Options.inplace_update_support: 0
2020/04/09-15:56:20.937189 108fca000                 Options.inplace_update_num_locks: 10000
2020/04/09-15:56:20.937195 108fca000               Options.memtable_prefix_bloom_size_ratio: 0.000000
2020/04/09-15:56:20.937198 108fca000               Options.memtable_whole_key_filtering: 0
2020/04/09-15:56:20.937200 108fca000   Options.memtable_huge_page_size: 0
2020/04/09-15:56:20.937202 108fca000                           Options.bloom_locality: 0
2020/04/09-15:56:20.937204 108fca000                    Options.max_successive_merges: 0
2020/04/09-15:56:20.937206 108fca000                Options.optimize_filters_for_hits: 0
2020/04/09-15:56:20.937208 108fca000                Options.paranoid_file_checks: 0
2020/04/09-15:56:20.937210 108fca000                Options.force_consistency_checks: 0
2020/04/09-15:56:20.937211 108fca000                Options.report_bg_io_stats: 0
2020/04/09-15:56:20.937213 108fca000                               Options.ttl: 0
2020/04/09-15:56:20.937215 108fca000          Options.periodic_compaction_seconds: 0
2020/04/09-15:56:20.937315 108fca000 [lumn_family.cc:481] --------------- Options for column family []:
2020/04/09-15:56:20.937318 108fca000               Options.comparator: leveldb.BytewiseComparator
2020/04/09-15:56:20.937320 108fca000           Options.merge_operator: None
2020/04/09-15:56:20.937322 108fca000        Options.compaction_filter: None
2020/04/09-15:56:20.937324 108fca000        Options.compaction_filter_factory: None
2020/04/09-15:56:20.937326 108fca000         Options.memtable_factory: SkipListFactory
2020/04/09-15:56:20.937328 108fca000            Options.table_factory: BlockBasedTable
2020/04/09-15:56:20.937350 108fca000            table_factory options:   flush_block_policy_factory: FlushBlockBySizePolicyFactory (0x7ff6dbaf2f20)
  cache_index_and_filter_blocks: 0
  cache_index_and_filter_blocks_with_high_priority: 1
  pin_l0_filter_and_index_blocks_in_cache: 0
  pin_top_level_index_and_filter: 1
  index_type: 0
  data_block_index_type: 0
  index_shortening: 1
  data_block_hash_table_util_ratio: 0.750000
  hash_index_allow_collision: 1
  checksum: 1
  no_block_cache: 0
  block_cache: 0x7ff6dbaf3868
  block_cache_name: LRUCache
  block_cache_options:
    capacity : 8388608
    num_shard_bits : 4
    strict_capacity_limit : 0
    memory_allocator : None
    high_pri_pool_ratio: 0.000
  block_cache_compressed: 0x0
  persistent_cache: 0x0
  block_size: 4096
  block_size_deviation: 10
  block_restart_interval: 16
  index_block_restart_interval: 1
  metadata_block_size: 4096
  partition_filters: 0
  use_delta_encoding: 1
  filter_policy: nullptr
  whole_key_filtering: 1
  verify_compression: 0
  read_amp_bytes_per_bit: 0
  format_version: 2
  enable_index_compression: 1
  block_align: 0
2020/04/09-15:56:20.937353 108fca000        Options.write_buffer_size: 67108864
2020/04/09-15:56:20.937355 108fca000  Options.max_write_buffer_number: 2
2020/04/09-15:56:20.937357 108fca000          Options.compression: Snappy
2020/04/09-15:56:20.937359 108fca000                  Options.bottommost_compression: Disabled
2020/04/09-15:56:20.937361 108fca000       Options.prefix_extractor: nullptr
2020/04/09-15:56:20.937363 108fca000   Options.memtable_insert_with_hint_prefix_extractor: nullptr
2020/04/09-15:56:20.937365 108fca000             Options.num_levels: 7
2020/04/09-15:56:20.937367 108fca000        Options.min_write_buffer_number_to_merge: 1
2020/04/09-15:56:20.937368 108fca000     Options.max_write_buffer_number_to_maintain: 2
2020/04/09-15:56:20.937370 108fca000            Options.bottommost_compression_opts.window_bits: -14
2020/04/09-15:56:20.937372 108fca000                  Options.bottommost_compression_opts.level: 32767
2020/04/09-15:56:20.937374 108fca000               Options.bottommost_compression_opts.strategy: 0
2020/04/09-15:56:20.937376 108fca000         Options.bottommost_compression_opts.max_dict_bytes: 0
2020/04/09-15:56:20.937378 108fca000         Options.bottommost_compression_opts.zstd_max_train_bytes: 0
2020/04/09-15:56:20.937380 108fca000                  Options.bottommost_compression_opts.enabled: false
2020/04/09-15:56:20.937382 108fca000            Options.compression_opts.window_bits: -14
2020/04/09-15:56:20.937384 108fca000                  Options.compression_opts.level: 32767
2020/04/09-15:56:20.937386 108fca000               Options.compression_opts.strategy: 0
2020/04/09-15:56:20.937388 108fca000         Options.compression_opts.max_dict_bytes: 0
2020/04/09-15:56:20.937390 108fca000         Options.compression_opts.zstd_max_train_bytes: 0
2020/04/09-15:56:20.937392 108fca000                  Options.compression_opts.enabled: false
2020/04/09-15:56:20.937394 108fca000      Options.level0_file_num_compaction_trigger: 4
2020/04/09-15:56:20.937395 108fca000          Options.level0_slowdown_writes_trigger: 20
2020/04/09-15:56:20.937397 108fca000              Options.level0_stop_writes_trigger: 36
2020/04/09-15:56:20.937399 108fca000                   Options.target_file_size_base: 67108864
2020/04/09-15:56:20.937401 108fca000             Options.target_file_size_multiplier: 1
2020/04/09-15:56:20.937403 108fca000                Options.max_bytes_for_level_base: 268435456
2020/04/09-15:56:20.937405 108fca000                      Options.snap_refresh_nanos: 0
2020/04/09-15:56:20.937407 108fca000 Options.level_compaction_dynamic_level_bytes: 0
2020/04/09-15:56:20.937409 108fca000          Options.max_bytes_for_level_multiplier: 10.000000
2020/04/09-15:56:20.937412 108fca000 Options.max_bytes_for_level_multiplier_addtl[0]: 1
2020/04/09-15:56:20.937414 108fca000 Options.max_bytes_for_level_multiplier_addtl[1]: 1
2020/04/09-15:56:20.937416 108fca000 Options.max_bytes_for_level_multiplier_addtl[2]: 1
2020/04/09-15:56:20.937418 108fca000 Options.max_bytes_for_level_multiplier_addtl[3]: 1
2020/04/09-15:56:20.937420 108fca000 Options.max_bytes_for_level_multiplier_addtl[4]: 1
2020/04/09-15:56:20.937422 108fca000 Options.max_bytes_for_level_multiplier_addtl[5]: 1
2020/04/09-15:56:20.937424 108fca000 Options.max_bytes_for_level_multiplier_addtl[6]: 1
2020/04/09-15:56:20.937426 108fca000       Options.max_sequential_skip_in_iterations: 8
2020/04/09-15:56:20.937428 108fca000                    Options.max_compaction_bytes: 1677721600
2020/04/09-15:56:20.937430 108fca000                        Options.arena_block_size: 8388608
2020/04/09-15:56:20.937432 108fca000   Options.soft_pending_compaction_bytes_limit: 68719476736
2020/04/09-15:56:20.937434 108fca000   Options.hard_pending_compaction_bytes_limit: 274877906944
2020/04/09-15:56:20.937436 108fca000       Options.rate_limit_delay_max_milliseconds: 100
2020/04/09-15:56:20.937439 108fca000                Options.disable_auto_compactions: 1
2020/04/09-15:56:20.937441 108fca000                        Options.compaction_style: kCompactionStyleLevel
2020/04/09-15:56:20.937443 108fca000                          Options.compaction_pri: kMinOverlappingRatio
2020/04/09-15:56:20.937445 108fca000 Options.compaction_options_universal.size_ratio: 1
2020/04/09-15:56:20.937447 108fca000 Options.compaction_options_universal.min_merge_width: 2
2020/04/09-15:56:20.937449 108fca000 Options.compaction_options_universal.max_merge_width: 4294967295
2020/04/09-15:56:20.937451 108fca000 Options.compaction_options_universal.max_size_amplification_percent: 200
2020/04/09-15:56:20.937453 108fca000 Options.compaction_options_universal.compression_size_percent: -1
2020/04/09-15:56:20.937456 108fca000 Options.compaction_options_universal.stop_style: kCompactionStopStyleTotalSize
2020/04/09-15:56:20.937458 108fca000 Options.compaction_options_fifo.max_table_files_size: 1073741824
2020/04/09-15:56:20.937460 108fca000 Options.compaction_options_fifo.allow_compaction: 0
2020/04/09-15:56:20.937462 108fca000                   Options.table_properties_collectors: 
2020/04/09-15:56:20.937464 108fca000                   Options.inplace_update_support: 0
2020/04/09-15:56:20.937466 108fca000                 Options.inplace_update_num_locks: 10000
2020/04/09-15:56:20.937468 108fca000               Options.memtable_prefix_bloom_size_ratio: 0.000000
2020/04/09-15:56:20.937470 108fca000               Options.memtable_whole_key_filtering: 0
2020/04/09-15:56:20.937472 108fca000   Options.memtable_huge_page_size: 0
2020/04/09-15:56:20.937474 108fca000                           Options.bloom_locality: 0
2020/04/09-15:56:20.937476 108fca000                    Options.max_successive_merges: 0
2020/04/09-15:56:20.937478 108fca000                Options.optimize_filters_for_hits: 0
2020/04/09-15:56:20.937480 108fca000                Options.paranoid_file_checks: 0
2020/04/09-15:56:20.937482 108fca000                Options.force_consistency_checks: 0
2020/04/09-15:56:20.937484 108fca000                Options.report_bg_io_stats: 0
2020/04/09-15:56:20.937485 108fca000                               Options.ttl: 0
2020/04/09-15:56:20.937488 108fca000          Options.periodic_compaction_seconds: 0
2020/04/09-15:56:20.937520 108fca000 [lumn_family.cc:481] --------------- Options for column family []:
2020/04/09-15:56:20.937523 108fca000               Options.comparator: leveldb.BytewiseComparator
2020/04/09-15:56:20.937525 108fca000           Options.merge_operator: None
2020/04/09-15:56:20.937527 108fca000        Options.compaction_filter: None
2020/04/09-15:56:20.937529 108fca000        Options.compaction_filter_factory: None
2020/04/09-15:56:20.937531 108fca000         Options.memtable_factory: SkipListFactory
2020/04/09-15:56:20.937533 108fca000            Options.table_factory: BlockBasedTable
2020/04/09-15:56:20.937553 108fca000            table_factory options:   flush_block_policy_factory: FlushBlockBySizePolicyFactory (0x7ff6dbaf39f0)
  cache_index_and_filter_blocks: 0
  cache_index_and_filter_blocks_with_high_priority: 1
  pin_l0_filter_and_index_blocks_in_cache: 0
  pin_top_level_index_and_filter: 1
  index_type: 0
  data_block_index_type: 0
  index_shortening: 1
  data_block_hash_table_util_ratio: 0.750000
  hash_index_allow_collision: 1
  checksum: 1
  no_block_cache: 0
  block_cache: 0x7ff6dbaf4698
  block_cache_name: LRUCache
  block_cache_options:
    capacity : 8388608
    num_shard_bits : 4
    strict_capacity_limit : 0
    memory_allocator : None
    high_pri_pool_ratio: 0.000
  block_cache_compressed: 0x0
  persistent_cache: 0x0
  block_size: 4096
  block_size_deviation: 10
  block_restart_interval: 16
  index_block_restart_interval: 1
  metadata_block_size: 4096
  partition_filters: 0
  use_delta_encoding: 1
  filter_policy: nullptr
  whole_key_filtering: 1
  verify_compression: 0
  read_amp_bytes_per_bit: 0
  format_version: 2
  enable_index_compression: 1
  block_align: 0
2020/04/09-15:56:20.937556 108fca000        Options.write_buffer_size: 67108864
2020/04/09-15:56:20.937558 108fca000  Options.max_write_buffer_number: 2
2020/04/09-15:56:20.937560 108fca000          Options.compression: Snappy
2020/04/09-15:56:20.937562 108fca000                  Options.bottommost_compression: Disabled
2020/04/09-15:56:20.937564 108fca000       Options.prefix_extractor: nullptr
2020/04/09-15:56:20.937566 108fca000   Options.memtable_insert_with_hint_prefix_extractor: nullptr
2020/04/09-15:56:20.937568 108fca000             Options.num_levels: 7
2020/04/09-15:56:20.937570 108fca000        Options.min_write_buffer_number_to_merge: 1
2020/04/09-15:56:20.937572 108fca000     Options.max_write_buffer_number_to_maintain: 2
2020/04/09-15:56:20.937573 108fca000            Options.bottommost_compression_opts.window_bits: -14
2020/04/09-15:56:20.937575 108fca000                  Options.bottommost_compression_opts.level: 32767
2020/04/09-15:56:20.937577 108fca000               Options.bottommost_compression_opts.strategy: 0
2020/04/09-15:56:20.937579 108fca000         Options.bottommost_compression_opts.max_dict_bytes: 0
2020/04/09-15:56:20.937581 108fca000         Options.bottommost_compression_opts.zstd_max_train_bytes: 0
2020/04/09-15:56:20.937583 108fca000                  Options.bottommost_compression_opts.enabled: false
2020/04/09-15:56:20.937585 108fca000            Options.compression_opts.window_bits: -14
2020/04/09-15:56:20.937587 108fca000                  Options.compression_opts.level: 32767
2020/04/09-15:56:20.937589 108fca000               Options.compression_opts.strategy: 0
2020/04/09-15:56:20.937591 108fca000         Options.compression_opts.max_dict_bytes: 0
2020/04/09-15:56:20.937593 108fca000         Options.compression_opts.zstd_max_train_bytes: 0
2020/04/09-15:56:20.937595 108fca000                  Options.compression_opts.enabled: false
2020/04/09-15:56:20.937597 108fca000      Options.level0_file_num_compaction_trigger: 4
2020/04/09-15:56:20.937599 108fca000          Options.level0_slowdown_writes_trigger: 20
2020/04/09-15:56:20.937601 108fca000              Options.level0_stop_writes_trigger: 36
2020/04/09-15:56:20.937603 108fca000                   Options.target_file_size_base: 67108864
2020/04/09-15:56:20.937605 108fca000             Options.target_file_size_multiplier: 1
2020/04/09-15:56:20.937607 108fca000                Options.max_bytes_for_level_base: 268435456
2020/04/09-15:56:20.937609 108fca000                      Options.snap_refresh_nanos: 0
2020/04/09-15:56:20.937611 108fca000 Options.level_compaction_dynamic_level_bytes: 0
2020/04/09-15:56:20.937613 108fca000          Options.max_bytes_for_level_multiplier: 10.000000
2020/04/09-15:56:20.937615 108fca000 Options.max_bytes_for_level_multiplier_addtl[0]: 1
2020/04/09-15:56:20.937617 108fca000 Options.max_bytes_for_level_multiplier_addtl[1]: 1
2020/04/09-15:56:20.937619 108fca000 Options.max_bytes_for_level_multiplier_addtl[2]: 1
2020/04/09-15:56:20.937621 108fca000 Options.max_bytes_for_level_multiplier_addtl[3]: 1
2020/04/09-15:56:20.937623 108fca000 Options.max_bytes_for_level_multiplier_addtl[4]: 1
2020/04/09-15:56:20.937625 108fca000 Options.max_bytes_for_level_multiplier_addtl[5]: 1
2020/04/09-15:56:20.937627 108fca000 Options.max_bytes_for_level_multiplier_addtl[6]: 1
2020/04/09-15:56:20.937629 108fca000       Options.max_sequential_skip_in_iterations: 8
2020/04/09-15:56:20.937631 108fca000                    Options.max_compaction_bytes: 1677721600
2020/04/09-15:56:20.937633 108fca000                        Options.arena_block_size: 8388608
2020/04/09-15:56:20.937635 108fca000   Options.soft_pending_compaction_bytes_limit: 68719476736
2020/04/09-15:56:20.937637 108fca000   Options.hard_pending_compaction_bytes_limit: 274877906944
2020/04/09-15:56:20.937639 108fca000       Options.rate_limit_delay_max_milliseconds: 100
2020/04/09-15:56:20.937641 108fca000                Options.disable_auto_compactions: 1
2020/04/09-15:56:20.937643 108fca000                        Options.compaction_style: kCompactionStyleLevel
2020/04/09-15:56:20.937645 108fca000                          Options.compaction_pri: kMinOverlappingRatio
2020/04/09-15:56:20.937647 108fca000 Options.compaction_options_universal.size_ratio: 1
2020/04/09-15:56:20.937649 108fca000 Options.compaction_options_universal.min_merge_width: 2
2020/04/09-15:56:20.937651 108fca000 Options.compaction_options_universal.max_merge_width: 4294967295
2020/04/09-15:56:20.937653 108fca000 Options.compaction_options_universal.max_size_amplification_percent: 200
2020/04/09-15:56:20.937655 108fca000 Options.compaction_options_universal.compression_size_percent: -1
2020/04/09-15:56:20.937657 108fca000 Options.compaction_options_universal.stop_style: kCompactionStopStyleTotalSize
2020/04/09-15:56:20.937659 108fca000 Options.compaction_options_fifo.max_table_files_size: 1073741824
2020/04/09-15:56:20.937661 108fca000 Options.compaction_options_fifo.allow_compaction: 0
2020/04/09-15:56:20.937663 108fca000                   Options.table_properties_collectors: 
2020/04/09-15:56:20.937665 108fca000                   Options.inplace_update_support: 0
2020/04/09-15:56:20.937667 108fca000                 Options.inplace_update_num_locks: 10000
2020/04/09-15:56:20.937669 108fca000               Options.memtable_prefix_bloom_size_ratio: 0.000000
2020/04/09-15:56:20.937671 108fca000               Options.memtable_whole_key_filtering: 0
2020/04/09-15:56:20.937673 108fca000   Options.memtable_huge_page_size: 0
2020/04/09-15:56:20.937675 108fca000                           Options.bloom_locality: 0
2020/04/09-15:56:20.937677 108fca000                    Options.max_successive_merges: 0
2020/04/09-15:56:20.937679 108fca000                Options.optimize_filters_for_hits: 0
2020/04/09-15:56:20.937681 108fca000                Options.paranoid_file_checks: 0
2020/04/09-15:56:20.937683 108fca000                Options.force_consistency_checks: 0
2020/04/09-15:56:20.937685 108fca000                Options.report_bg_io_stats: 0
2020/04/09-15:56:20.937687 108fca000                               Options.ttl: 0
2020/04/09-15:56:20.937688 108fca000          Options.periodic_compaction_seconds: 0
2020/04/09-15:56:20.937719 108fca000 [lumn_family.cc:481] --------------- Options for column family []:
2020/04/09-15:56:20.937723 108fca000               Options.comparator: leveldb.BytewiseComparator
2020/04/09-15:56:20.937725 108fca000           Options.merge_operator: None
2020/04/09-15:56:20.937727 108fca000        Options.compaction_filter: None
2020/04/09-15:56:20.937728 108fca000        Options.compaction_filter_factory: None
2020/04/09-15:56:20.937730 108fca000         Options.memtable_factory: SkipListFactory
2020/04/09-15:56:20.937732 108fca000            Options.table_factory: BlockBasedTable
2020/04/09-15:56:20.937752 108fca000            table_factory options:   flush_block_policy_factory: FlushBlockBySizePolicyFactory (0x7ff6dbaf4770)
  cache_index_and_filter_blocks: 0
  cache_index_and_filter_blocks_with_high_priority: 1
  pin_l0_filter_and_index_blocks_in_cache: 0
  pin_top_level_index_and_filter: 1
  index_type: 0
  data_block_index_type: 0
  index_shortening: 1
  data_block_hash_table_util_ratio: 0.750000
  hash_index_allow_collision: 1
  checksum: 1
  no_block_cache: 0
  block_cache: 0x7ff6dbaf5838
  block_cache_name: LRUCache
  block_cache_options:
    capacity : 8388608
    num_shard_bits : 4
    strict_capacity_limit : 0
    memory_allocator : None
    high_pri_pool_ratio: 0.000
  block_cache_compressed: 0x0
  persistent_cache: 0x0
  block_size: 4096
  block_size_deviation: 10
  block_restart_interval: 16
  index_block_restart_interval: 1
  metadata_block_size: 4096
  partition_filters: 0
  use_delta_encoding: 1
  filter_policy: nullptr
  whole_key_filtering: 1
  verify_compression: 0
  read_amp_bytes_per_bit: 0
  format_version: 2
  enable_index_compression: 1
  block_align: 0
2020/04/09-15:56:20.937755 108fca000        Options.write_buffer_size: 67108864
2020/04/09-15:56:20.937757 108fca000  Options.max_write_buffer_number: 2
2020/04/09-15:56:20.937759 108fca000          Options.compression: Snappy
2020/04/09-15:56:20.937761 108fca000                  Options.bottommost_compression: Disabled
2020/04/09-15:56:20.937763 108fca000       Options.prefix_extractor: nullptr
2020/04/09-15:56:20.937764 108fca000   Options.memtable_insert_with_hint_prefix_extractor: nullptr
2020/04/09-15:56:20.937766 108fca000             Options.num_levels: 7
2020/04/09-15:56:20.937768 108fca000        Options.min_write_buffer_number_to_merge: 1
2020/04/09-15:56:20.937770 108fca000     Options.max_write_buffer_number_to_maintain: 2
2020/04/09-15:56:20.937772 108fca000            Options.bottommost_compression_opts.window_bits: -14
2020/04/09-15:56:20.937774 108fca000                  Options.bottommost_compression_opts.level: 32767
2020/04/09-15:56:20.937776 108fca000               Options.bottommost_compression_opts.strategy: 0
2020/04/09-15:56:20.937778 108fca000         Options.bottommost_compression_opts.max_dict_bytes: 0
2020/04/09-15:56:20.937780 108fca000         Options.bottommost_compression_opts.zstd_max_train_bytes: 0
2020/04/09-15:56:20.937782 108fca000                  Options.bottommost_compression_opts.enabled: false
2020/04/09-15:56:20.937784 108fca000            Options.compression_opts.window_bits: -14
2020/04/09-15:56:20.937786 108fca000                  Options.compression_opts.level: 32767
2020/04/09-15:56:20.937788 108fca000               Options.compression_opts.strategy: 0
2020/04/09-15:56:20.937790 108fca000         Options.compression_opts.max_dict_bytes: 0
2020/04/09-15:56:20.937792 108fca000         Options.compression_opts.zstd_max_train_bytes: 0
2020/04/09-15:56:20.937794 108fca000                  Options.compression_opts.enabled: false
2020/04/09-15:56:20.937796 108fca000      Options.level0_file_num_compaction_trigger: 4
2020/04/09-15:56:20.937798 108fca000          Options.level0_slowdown_writes_trigger: 20
2020/04/09-15:56:20.937800 108fca000              Options.level0_stop_writes_trigger: 36
2020/04/09-15:56:20.937802 108fca000                   Options.target_file_size_base: 67108864
2020/04/09-15:56:20.937804 108fca000             Options.target_file_size_multiplier: 1
2020/04/09-15:56:20.937806 108fca000                Options.max_bytes_for_level_base: 268435456
2020/04/09-15:56:20.937808 108fca000                      Options.snap_refresh_nanos: 0
2020/04/09-15:56:20.937810 108fca000 Options.level_compaction_dynamic_level_bytes: 0
2020/04/09-15:56:20.937812 108fca000          Options.max_bytes_for_level_multiplier: 10.000000
2020/04/09-15:56:20.937814 108fca000 Options.max_bytes_for_level_multiplier_addtl[0]: 1
2020/04/09-15:56:20.937816 108fca000 Options.max_bytes_for_level_multiplier_addtl[1]: 1
2020/04/09-15:56:20.937818 108fca000 Options.max_bytes_for_level_multiplier_addtl[2]: 1
2020/04/09-15:56:20.937820 108fca000 Options.max_bytes_for_level_multiplier_addtl[3]: 1
2020/04/09-15:56:20.937822 108fca000 Options.max_bytes_for_level_multiplier_addtl[4]: 1
2020/04/09-15:56:20.937825 108fca000 Options.max_bytes_for_level_multiplier_addtl[5]: 1
2020/04/09-15:56:20.937827 108fca000 Options.max_bytes_for_level_multiplier_addtl[6]: 1
2020/04/09-15:56:20.937829 108fca000       Options.max_sequential_skip_in_iterations: 8
2020/04/09-15:56:20.937831 108fca000                    Options.max_compaction_bytes: 1677721600
2020/04/09-15:56:20.937833 108fca000                        Options.arena_block_size: 8388608
2020/04/09-15:56:20.937835 108fca000   Options.soft_pending_compaction_bytes_limit: 68719476736
2020/04/09-15:56:20.937837 108fca000   Options.hard_pending_compaction_bytes_limit: 274877906944
2020/04/09-15:56:20.937839 108fca000       Options.rate_limit_delay_max_milliseconds: 100
2020/04/09-15:56:20.937841 108fca000                Options.disable_auto_compactions: 1
2020/04/09-15:56:20.937843 108fca000                        Options.compaction_style: kCompactionStyleLevel
2020/04/09-15:56:20.937846 108fca000                          Options.compaction_pri: kMinOverlappingRatio
2020/04/09-15:56:20.937848 108fca000 Options.compaction_options_universal.size_ratio: 1
2020/04/09-15:56:20.937850 108fca000 Options.compaction_options_universal.min_merge_width: 2
2020/04/09-15:56:20.937852 108fca000 Options.compaction_options_universal.max_merge_width: 4294967295
2020/04/09-15:56:20.937854 108fca000 Options.compaction_options_universal.max_size_amplification_percent: 200
2020/04/09-15:56:20.937856 108fca000 Options.compaction_options_universal.compression_size_percent: -1
2020/04/09-15:56:20.937858 108fca000 Options.compaction_options_universal.stop_style: kCompactionStopStyleTotalSize
2020/04/09-15:56:20.937860 108fca000 Options.compaction_options_fifo.max_table_files_size: 1073741824
2020/04/09-15:56:20.937862 108fca000 Options.compaction_options_fifo.allow_compaction: 0
2020/04/09-15:56:20.937864 108fca000                   Options.table_properties_collectors: 
2020/04/09-15:56:20.937866 108fca000                   Options.inplace_update_support: 0
2020/04/09-15:56:20.937868 108fca000                 Options.inplace_update_num_locks: 10000
2020/04/09-15:56:20.937870 108fca000               Options.memtable_prefix_bloom_size_ratio: 0.000000
2020/04/09-15:56:20.937872 108fca000               Options.memtable_whole_key_filtering: 0
2020/04/09-15:56:20.937874 108fca000   Options.memtable_huge_page_size: 0
2020/04/09-15:56:20.937876 108fca000                           Options.bloom_locality: 0
2020/04/09-15:56:20.937878 108fca000                    Options.max_successive_merges: 0
2020/04/09-15:56:20.937880 108fca000                Options.optimize_filters_for_hits: 0
2020/04/09-15:56:20.937882 108fca000                Options.paranoid_file_checks: 0
2020/04/09-15:56:20.937884 108fca000                Options.force_consistency_checks: 0
2020/04/09-15:56:20.937886 108fca000                Options.report_bg_io_stats: 0
2020/04/09-15:56:20.937888 108fca000                               Options.ttl: 0
2020/04/09-15:56:20.937890 108fca000          Options.periodic_compaction_seconds: 0
