2020/06/01-19:38:42.605919 10c100000 RocksDB version: 6.4.6
2020/06/01-19:38:42.606036 10c100000 Git sha rocksdb_build_git_sha:e3169e3ea8762d2f34880742106858a23c8dc8b7
2020/06/01-19:38:42.606043 10c100000 Compile date Nov 24 2019
2020/06/01-19:38:42.606050 10c100000 DB SUMMARY
2020/06/01-19:38:42.606486 10c100000 CURRENT file:  CURRENT
2020/06/01-19:38:42.606492 10c100000 IDENTITY file:  IDENTITY
2020/06/01-19:38:42.606504 10c100000 MANIFEST file:  MANIFEST-000439 size: 1020 Bytes
2020/06/01-19:38:42.606508 10c100000 SST files in /Users/Happpyyyyyyy/PIR/IBFT-Network/Node-2/data/database dir, Total Num: 6, files: 000391.sst 000405.sst 000422.sst 000430.sst 000440.sst 000441.sst 
2020/06/01-19:38:42.606513 10c100000 Write Ahead Log file in /Users/Happpyyyyyyy/PIR/IBFT-Network/Node-2/data/database: 000003.log size: 39419 ; 000031.log size: 140983 ; 000048.log size: 647098 ; 000065.log size: 616 ; 000081.log size: 17014 ; 000099.log size: 82504 ; 000117.log size: 37303 ; 000134.log size: 102103 ; 000151.log size: 613830 ; 000169.log size: 113431 ; 000189.log size: 616 ; 000205.log size: 616 ; 000221.log size: 616 ; 000238.log size: 4282 ; 000255.log size: 616 ; 000271.log size: 616 ; 000287.log size: 616 ; 000304.log size: 616 ; 000320.log size: 616 ; 000336.log size: 11614 ; 000353.log size: 616 ; 000370.log size: 63762 ; 000387.log size: 420610 ; 000407.log size: 324442 ; 000424.log size: 50861 ; 000442.log size: 49161 ; 
2020/06/01-19:38:42.606521 10c100000                         Options.error_if_exists: 0
2020/06/01-19:38:42.606528 10c100000                       Options.create_if_missing: 1
2020/06/01-19:38:42.606530 10c100000                         Options.paranoid_checks: 1
2020/06/01-19:38:42.606532 10c100000                                     Options.env: 0x12e49e0d0
2020/06/01-19:38:42.606534 10c100000                                Options.info_log: 0x7fa15cd1ef00
2020/06/01-19:38:42.606536 10c100000                Options.max_file_opening_threads: 16
2020/06/01-19:38:42.606538 10c100000                              Options.statistics: 0x7fa15cd1ddc0
2020/06/01-19:38:42.606539 10c100000                               Options.use_fsync: 0
2020/06/01-19:38:42.606738 10c100000                       Options.max_log_file_size: 0
2020/06/01-19:38:42.606744 10c100000                  Options.max_manifest_file_size: 1073741824
2020/06/01-19:38:42.606746 10c100000                   Options.log_file_time_to_roll: 0
2020/06/01-19:38:42.606748 10c100000                       Options.keep_log_file_num: 1000
2020/06/01-19:38:42.606750 10c100000                    Options.recycle_log_file_num: 0
2020/06/01-19:38:42.606752 10c100000                         Options.allow_fallocate: 1
2020/06/01-19:38:42.606754 10c100000                        Options.allow_mmap_reads: 0
2020/06/01-19:38:42.606755 10c100000                       Options.allow_mmap_writes: 0
2020/06/01-19:38:42.606757 10c100000                        Options.use_direct_reads: 0
2020/06/01-19:38:42.606759 10c100000                        Options.use_direct_io_for_flush_and_compaction: 0
2020/06/01-19:38:42.606761 10c100000          Options.create_missing_column_families: 1
2020/06/01-19:38:42.606763 10c100000                              Options.db_log_dir: 
2020/06/01-19:38:42.606765 10c100000                                 Options.wal_dir: /Users/Happpyyyyyyy/PIR/IBFT-Network/Node-2/data/database
2020/06/01-19:38:42.606767 10c100000                Options.table_cache_numshardbits: 6
2020/06/01-19:38:42.606768 10c100000                      Options.max_subcompactions: 1
2020/06/01-19:38:42.606770 10c100000                  Options.max_background_flushes: -1
2020/06/01-19:38:42.606772 10c100000                         Options.WAL_ttl_seconds: 0
2020/06/01-19:38:42.606774 10c100000                       Options.WAL_size_limit_MB: 0
2020/06/01-19:38:42.606776 10c100000             Options.manifest_preallocation_size: 4194304
2020/06/01-19:38:42.606777 10c100000                     Options.is_fd_close_on_exec: 1
2020/06/01-19:38:42.606779 10c100000                   Options.advise_random_on_open: 1
2020/06/01-19:38:42.606781 10c100000                    Options.db_write_buffer_size: 0
2020/06/01-19:38:42.606783 10c100000                    Options.write_buffer_manager: 0x7fa15cd1f2a0
2020/06/01-19:38:42.606784 10c100000         Options.access_hint_on_compaction_start: 1
2020/06/01-19:38:42.606786 10c100000  Options.new_table_reader_for_compaction_inputs: 0
2020/06/01-19:38:42.606788 10c100000           Options.random_access_max_buffer_size: 1048576
2020/06/01-19:38:42.606790 10c100000                      Options.use_adaptive_mutex: 0
2020/06/01-19:38:42.606792 10c100000                            Options.rate_limiter: 0x0
2020/06/01-19:38:42.606794 10c100000     Options.sst_file_manager.rate_bytes_per_sec: 0
2020/06/01-19:38:42.606796 10c100000                       Options.wal_recovery_mode: 2
2020/06/01-19:38:42.606798 10c100000                  Options.enable_thread_tracking: 0
2020/06/01-19:38:42.606799 10c100000                  Options.enable_pipelined_write: 0
2020/06/01-19:38:42.606801 10c100000                  Options.unordered_write: 0
2020/06/01-19:38:42.606803 10c100000         Options.allow_concurrent_memtable_write: 1
2020/06/01-19:38:42.606805 10c100000      Options.enable_write_thread_adaptive_yield: 1
2020/06/01-19:38:42.606807 10c100000             Options.write_thread_max_yield_usec: 100
2020/06/01-19:38:42.606808 10c100000            Options.write_thread_slow_yield_usec: 3
2020/06/01-19:38:42.606810 10c100000                               Options.row_cache: None
2020/06/01-19:38:42.606812 10c100000                              Options.wal_filter: None
2020/06/01-19:38:42.606814 10c100000             Options.avoid_flush_during_recovery: 0
2020/06/01-19:38:42.606815 10c100000             Options.allow_ingest_behind: 0
2020/06/01-19:38:42.606817 10c100000             Options.preserve_deletes: 0
2020/06/01-19:38:42.606819 10c100000             Options.two_write_queues: 0
2020/06/01-19:38:42.606821 10c100000             Options.manual_wal_flush: 0
2020/06/01-19:38:42.606823 10c100000             Options.atomic_flush: 0
2020/06/01-19:38:42.606824 10c100000             Options.avoid_unnecessary_blocking_io: 0
2020/06/01-19:38:42.606826 10c100000                 Options.persist_stats_to_disk: 0
2020/06/01-19:38:42.606828 10c100000                 Options.log_readahead_size: 0
2020/06/01-19:38:42.606830 10c100000             Options.max_background_jobs: 2
2020/06/01-19:38:42.606832 10c100000             Options.max_background_compactions: 4
2020/06/01-19:38:42.606834 10c100000             Options.avoid_flush_during_shutdown: 0
2020/06/01-19:38:42.606835 10c100000           Options.writable_file_max_buffer_size: 1048576
2020/06/01-19:38:42.606837 10c100000             Options.delayed_write_rate : 16777216
2020/06/01-19:38:42.606839 10c100000             Options.max_total_wal_size: 0
2020/06/01-19:38:42.606841 10c100000             Options.delete_obsolete_files_period_micros: 21600000000
2020/06/01-19:38:42.606843 10c100000                   Options.stats_dump_period_sec: 600
2020/06/01-19:38:42.606844 10c100000                 Options.stats_persist_period_sec: 600
2020/06/01-19:38:42.606846 10c100000                 Options.stats_history_buffer_size: 1048576
2020/06/01-19:38:42.606848 10c100000                          Options.max_open_files: 1024
2020/06/01-19:38:42.606850 10c100000                          Options.bytes_per_sync: 0
2020/06/01-19:38:42.606852 10c100000                      Options.wal_bytes_per_sync: 0
2020/06/01-19:38:42.606854 10c100000                   Options.strict_bytes_per_sync: 0
2020/06/01-19:38:42.606856 10c100000       Options.compaction_readahead_size: 0
2020/06/01-19:38:42.606857 10c100000 Compression algorithms supported:
2020/06/01-19:38:42.606865 10c100000 	kZSTD supported: 1
2020/06/01-19:38:42.606868 10c100000 	kZlibCompression supported: 1
2020/06/01-19:38:42.606870 10c100000 	kXpressCompression supported: 0
2020/06/01-19:38:42.606872 10c100000 	kSnappyCompression supported: 1
2020/06/01-19:38:42.606873 10c100000 	kZSTDNotFinalCompression supported: 1
2020/06/01-19:38:42.606875 10c100000 	kLZ4HCCompression supported: 1
2020/06/01-19:38:42.606877 10c100000 	kLZ4Compression supported: 1
2020/06/01-19:38:42.606879 10c100000 	kBZip2Compression supported: 1
2020/06/01-19:38:42.606890 10c100000 Fast CRC32 supported: Not supported on x86
2020/06/01-19:38:42.608713 10c100000 [rsion_set.cc:4252] Recovering from manifest file: /Users/Happpyyyyyyy/PIR/IBFT-Network/Node-2/data/database/MANIFEST-000439
2020/06/01-19:38:42.608847 10c100000 [lumn_family.cc:481] --------------- Options for column family [default]:
2020/06/01-19:38:42.608852 10c100000               Options.comparator: leveldb.BytewiseComparator
2020/06/01-19:38:42.608855 10c100000           Options.merge_operator: None
2020/06/01-19:38:42.608857 10c100000        Options.compaction_filter: None
2020/06/01-19:38:42.608859 10c100000        Options.compaction_filter_factory: None
2020/06/01-19:38:42.608861 10c100000         Options.memtable_factory: SkipListFactory
2020/06/01-19:38:42.608863 10c100000            Options.table_factory: BlockBasedTable
2020/06/01-19:38:42.608897 10c100000            table_factory options:   flush_block_policy_factory: FlushBlockBySizePolicyFactory (0x7fa15ce55a90)
  cache_index_and_filter_blocks: 0
  cache_index_and_filter_blocks_with_high_priority: 0
  pin_l0_filter_and_index_blocks_in_cache: 0
  pin_top_level_index_and_filter: 1
  index_type: 0
  data_block_index_type: 0
  index_shortening: 1
  data_block_hash_table_util_ratio: 0.750000
  hash_index_allow_collision: 1
  checksum: 1
  no_block_cache: 0
  block_cache: 0x7fa15cbac648
  block_cache_name: LRUCache
  block_cache_options:
    capacity : 8388608
    num_shard_bits : 4
    strict_capacity_limit : 0
    memory_allocator : None
    high_pri_pool_ratio: 0.000
  block_cache_compressed: 0x0
  persistent_cache: 0x0
  block_size: 4096
  block_size_deviation: 10
  block_restart_interval: 16
  index_block_restart_interval: 1
  metadata_block_size: 4096
  partition_filters: 0
  use_delta_encoding: 1
  filter_policy: nullptr
  whole_key_filtering: 1
  verify_compression: 1
  read_amp_bytes_per_bit: 0
  format_version: 2
  enable_index_compression: 1
  block_align: 0
2020/06/01-19:38:42.608899 10c100000        Options.write_buffer_size: 67108864
2020/06/01-19:38:42.608902 10c100000  Options.max_write_buffer_number: 2
2020/06/01-19:38:42.608904 10c100000          Options.compression: Snappy
2020/06/01-19:38:42.608906 10c100000                  Options.bottommost_compression: Disabled
2020/06/01-19:38:42.608908 10c100000       Options.prefix_extractor: nullptr
2020/06/01-19:38:42.608910 10c100000   Options.memtable_insert_with_hint_prefix_extractor: nullptr
2020/06/01-19:38:42.608912 10c100000             Options.num_levels: 7
2020/06/01-19:38:42.608915 10c100000        Options.min_write_buffer_number_to_merge: 1
2020/06/01-19:38:42.608917 10c100000     Options.max_write_buffer_number_to_maintain: 2
2020/06/01-19:38:42.608918 10c100000            Options.bottommost_compression_opts.window_bits: -14
2020/06/01-19:38:42.608920 10c100000                  Options.bottommost_compression_opts.level: 32767
2020/06/01-19:38:42.608925 10c100000               Options.bottommost_compression_opts.strategy: 0
2020/06/01-19:38:42.608928 10c100000         Options.bottommost_compression_opts.max_dict_bytes: 0
2020/06/01-19:38:42.608930 10c100000         Options.bottommost_compression_opts.zstd_max_train_bytes: 0
2020/06/01-19:38:42.608932 10c100000                  Options.bottommost_compression_opts.enabled: false
2020/06/01-19:38:42.608934 10c100000            Options.compression_opts.window_bits: -14
2020/06/01-19:38:42.608936 10c100000                  Options.compression_opts.level: 32767
2020/06/01-19:38:42.608938 10c100000               Options.compression_opts.strategy: 0
2020/06/01-19:38:42.608940 10c100000         Options.compression_opts.max_dict_bytes: 0
2020/06/01-19:38:42.608942 10c100000         Options.compression_opts.zstd_max_train_bytes: 0
2020/06/01-19:38:42.608944 10c100000                  Options.compression_opts.enabled: false
2020/06/01-19:38:42.608946 10c100000      Options.level0_file_num_compaction_trigger: 4
2020/06/01-19:38:42.608948 10c100000          Options.level0_slowdown_writes_trigger: 20
2020/06/01-19:38:42.608950 10c100000              Options.level0_stop_writes_trigger: 36
2020/06/01-19:38:42.608952 10c100000                   Options.target_file_size_base: 67108864
2020/06/01-19:38:42.608954 10c100000             Options.target_file_size_multiplier: 1
2020/06/01-19:38:42.608955 10c100000                Options.max_bytes_for_level_base: 268435456
2020/06/01-19:38:42.608957 10c100000                      Options.snap_refresh_nanos: 0
2020/06/01-19:38:42.608959 10c100000 Options.level_compaction_dynamic_level_bytes: 0
2020/06/01-19:38:42.608960 10c100000          Options.max_bytes_for_level_multiplier: 10.000000
2020/06/01-19:38:42.608963 10c100000 Options.max_bytes_for_level_multiplier_addtl[0]: 1
2020/06/01-19:38:42.608964 10c100000 Options.max_bytes_for_level_multiplier_addtl[1]: 1
2020/06/01-19:38:42.608966 10c100000 Options.max_bytes_for_level_multiplier_addtl[2]: 1
2020/06/01-19:38:42.608968 10c100000 Options.max_bytes_for_level_multiplier_addtl[3]: 1
2020/06/01-19:38:42.608970 10c100000 Options.max_bytes_for_level_multiplier_addtl[4]: 1
2020/06/01-19:38:42.608972 10c100000 Options.max_bytes_for_level_multiplier_addtl[5]: 1
2020/06/01-19:38:42.608974 10c100000 Options.max_bytes_for_level_multiplier_addtl[6]: 1
2020/06/01-19:38:42.608976 10c100000       Options.max_sequential_skip_in_iterations: 8
2020/06/01-19:38:42.608978 10c100000                    Options.max_compaction_bytes: 1677721600
2020/06/01-19:38:42.608980 10c100000                        Options.arena_block_size: 8388608
2020/06/01-19:38:42.608982 10c100000   Options.soft_pending_compaction_bytes_limit: 68719476736
2020/06/01-19:38:42.608983 10c100000   Options.hard_pending_compaction_bytes_limit: 274877906944
2020/06/01-19:38:42.608985 10c100000       Options.rate_limit_delay_max_milliseconds: 100
2020/06/01-19:38:42.608987 10c100000                Options.disable_auto_compactions: 1
2020/06/01-19:38:42.608989 10c100000                        Options.compaction_style: kCompactionStyleLevel
2020/06/01-19:38:42.608992 10c100000                          Options.compaction_pri: kMinOverlappingRatio
2020/06/01-19:38:42.608993 10c100000 Options.compaction_options_universal.size_ratio: 1
2020/06/01-19:38:42.608995 10c100000 Options.compaction_options_universal.min_merge_width: 2
2020/06/01-19:38:42.608997 10c100000 Options.compaction_options_universal.max_merge_width: 4294967295
2020/06/01-19:38:42.608999 10c100000 Options.compaction_options_universal.max_size_amplification_percent: 200
2020/06/01-19:38:42.609001 10c100000 Options.compaction_options_universal.compression_size_percent: -1
2020/06/01-19:38:42.609004 10c100000 Options.compaction_options_universal.stop_style: kCompactionStopStyleTotalSize
2020/06/01-19:38:42.609006 10c100000 Options.compaction_options_fifo.max_table_files_size: 1073741824
2020/06/01-19:38:42.609007 10c100000 Options.compaction_options_fifo.allow_compaction: 0
2020/06/01-19:38:42.609009 10c100000                   Options.table_properties_collectors: 
2020/06/01-19:38:42.609011 10c100000                   Options.inplace_update_support: 0
2020/06/01-19:38:42.609013 10c100000                 Options.inplace_update_num_locks: 10000
2020/06/01-19:38:42.609019 10c100000               Options.memtable_prefix_bloom_size_ratio: 0.000000
2020/06/01-19:38:42.609021 10c100000               Options.memtable_whole_key_filtering: 0
2020/06/01-19:38:42.609023 10c100000   Options.memtable_huge_page_size: 0
2020/06/01-19:38:42.609025 10c100000                           Options.bloom_locality: 0
2020/06/01-19:38:42.609027 10c100000                    Options.max_successive_merges: 0
2020/06/01-19:38:42.609029 10c100000                Options.optimize_filters_for_hits: 0
2020/06/01-19:38:42.609031 10c100000                Options.paranoid_file_checks: 0
2020/06/01-19:38:42.609033 10c100000                Options.force_consistency_checks: 0
2020/06/01-19:38:42.609034 10c100000                Options.report_bg_io_stats: 0
2020/06/01-19:38:42.609036 10c100000                               Options.ttl: 0
2020/06/01-19:38:42.609038 10c100000          Options.periodic_compaction_seconds: 0
2020/06/01-19:38:42.609616 10c100000 [lumn_family.cc:481] --------------- Options for column family []:
2020/06/01-19:38:42.609625 10c100000               Options.comparator: leveldb.BytewiseComparator
2020/06/01-19:38:42.609628 10c100000           Options.merge_operator: None
2020/06/01-19:38:42.609630 10c100000        Options.compaction_filter: None
2020/06/01-19:38:42.609632 10c100000        Options.compaction_filter_factory: None
2020/06/01-19:38:42.609634 10c100000         Options.memtable_factory: SkipListFactory
2020/06/01-19:38:42.609636 10c100000            Options.table_factory: BlockBasedTable
2020/06/01-19:38:42.609660 10c100000            table_factory options:   flush_block_policy_factory: FlushBlockBySizePolicyFactory (0x7fa15cba6b40)
  cache_index_and_filter_blocks: 0
  cache_index_and_filter_blocks_with_high_priority: 1
  pin_l0_filter_and_index_blocks_in_cache: 0
  pin_top_level_index_and_filter: 1
  index_type: 0
  data_block_index_type: 0
  index_shortening: 1
  data_block_hash_table_util_ratio: 0.750000
  hash_index_allow_collision: 1
  checksum: 1
  no_block_cache: 0
  block_cache: 0x7fa15cba7528
  block_cache_name: LRUCache
  block_cache_options:
    capacity : 8388608
    num_shard_bits : 4
    strict_capacity_limit : 0
    memory_allocator : None
    high_pri_pool_ratio: 0.000
  block_cache_compressed: 0x0
  persistent_cache: 0x0
  block_size: 4096
  block_size_deviation: 10
  block_restart_interval: 16
  index_block_restart_interval: 1
  metadata_block_size: 4096
  partition_filters: 0
  use_delta_encoding: 1
  filter_policy: nullptr
  whole_key_filtering: 1
  verify_compression: 0
  read_amp_bytes_per_bit: 0
  format_version: 2
  enable_index_compression: 1
  block_align: 0
2020/06/01-19:38:42.609662 10c100000        Options.write_buffer_size: 67108864
2020/06/01-19:38:42.609664 10c100000  Options.max_write_buffer_number: 2
2020/06/01-19:38:42.609666 10c100000          Options.compression: Snappy
2020/06/01-19:38:42.609668 10c100000                  Options.bottommost_compression: Disabled
2020/06/01-19:38:42.609670 10c100000       Options.prefix_extractor: nullptr
2020/06/01-19:38:42.609672 10c100000   Options.memtable_insert_with_hint_prefix_extractor: nullptr
2020/06/01-19:38:42.609674 10c100000             Options.num_levels: 7
2020/06/01-19:38:42.609675 10c100000        Options.min_write_buffer_number_to_merge: 1
2020/06/01-19:38:42.609677 10c100000     Options.max_write_buffer_number_to_maintain: 2
2020/06/01-19:38:42.609679 10c100000            Options.bottommost_compression_opts.window_bits: -14
2020/06/01-19:38:42.609681 10c100000                  Options.bottommost_compression_opts.level: 32767
2020/06/01-19:38:42.609683 10c100000               Options.bottommost_compression_opts.strategy: 0
2020/06/01-19:38:42.609684 10c100000         Options.bottommost_compression_opts.max_dict_bytes: 0
2020/06/01-19:38:42.609686 10c100000         Options.bottommost_compression_opts.zstd_max_train_bytes: 0
2020/06/01-19:38:42.609688 10c100000                  Options.bottommost_compression_opts.enabled: false
2020/06/01-19:38:42.609690 10c100000            Options.compression_opts.window_bits: -14
2020/06/01-19:38:42.609692 10c100000                  Options.compression_opts.level: 32767
2020/06/01-19:38:42.609694 10c100000               Options.compression_opts.strategy: 0
2020/06/01-19:38:42.609696 10c100000         Options.compression_opts.max_dict_bytes: 0
2020/06/01-19:38:42.609697 10c100000         Options.compression_opts.zstd_max_train_bytes: 0
2020/06/01-19:38:42.609699 10c100000                  Options.compression_opts.enabled: false
2020/06/01-19:38:42.609701 10c100000      Options.level0_file_num_compaction_trigger: 4
2020/06/01-19:38:42.609703 10c100000          Options.level0_slowdown_writes_trigger: 20
2020/06/01-19:38:42.609705 10c100000              Options.level0_stop_writes_trigger: 36
2020/06/01-19:38:42.609707 10c100000                   Options.target_file_size_base: 67108864
2020/06/01-19:38:42.609708 10c100000             Options.target_file_size_multiplier: 1
2020/06/01-19:38:42.609710 10c100000                Options.max_bytes_for_level_base: 268435456
2020/06/01-19:38:42.609712 10c100000                      Options.snap_refresh_nanos: 0
2020/06/01-19:38:42.609714 10c100000 Options.level_compaction_dynamic_level_bytes: 0
2020/06/01-19:38:42.609716 10c100000          Options.max_bytes_for_level_multiplier: 10.000000
2020/06/01-19:38:42.609718 10c100000 Options.max_bytes_for_level_multiplier_addtl[0]: 1
2020/06/01-19:38:42.609720 10c100000 Options.max_bytes_for_level_multiplier_addtl[1]: 1
2020/06/01-19:38:42.609722 10c100000 Options.max_bytes_for_level_multiplier_addtl[2]: 1
2020/06/01-19:38:42.609724 10c100000 Options.max_bytes_for_level_multiplier_addtl[3]: 1
2020/06/01-19:38:42.609726 10c100000 Options.max_bytes_for_level_multiplier_addtl[4]: 1
2020/06/01-19:38:42.609728 10c100000 Options.max_bytes_for_level_multiplier_addtl[5]: 1
2020/06/01-19:38:42.609730 10c100000 Options.max_bytes_for_level_multiplier_addtl[6]: 1
2020/06/01-19:38:42.609731 10c100000       Options.max_sequential_skip_in_iterations: 8
2020/06/01-19:38:42.609733 10c100000                    Options.max_compaction_bytes: 1677721600
2020/06/01-19:38:42.609735 10c100000                        Options.arena_block_size: 8388608
2020/06/01-19:38:42.609737 10c100000   Options.soft_pending_compaction_bytes_limit: 68719476736
2020/06/01-19:38:42.609739 10c100000   Options.hard_pending_compaction_bytes_limit: 274877906944
2020/06/01-19:38:42.609741 10c100000       Options.rate_limit_delay_max_milliseconds: 100
2020/06/01-19:38:42.609743 10c100000                Options.disable_auto_compactions: 1
2020/06/01-19:38:42.609745 10c100000                        Options.compaction_style: kCompactionStyleLevel
2020/06/01-19:38:42.609747 10c100000                          Options.compaction_pri: kMinOverlappingRatio
2020/06/01-19:38:42.609749 10c100000 Options.compaction_options_universal.size_ratio: 1
2020/06/01-19:38:42.609751 10c100000 Options.compaction_options_universal.min_merge_width: 2
2020/06/01-19:38:42.609753 10c100000 Options.compaction_options_universal.max_merge_width: 4294967295
2020/06/01-19:38:42.609755 10c100000 Options.compaction_options_universal.max_size_amplification_percent: 200
2020/06/01-19:38:42.609757 10c100000 Options.compaction_options_universal.compression_size_percent: -1
2020/06/01-19:38:42.609759 10c100000 Options.compaction_options_universal.stop_style: kCompactionStopStyleTotalSize
2020/06/01-19:38:42.609761 10c100000 Options.compaction_options_fifo.max_table_files_size: 1073741824
2020/06/01-19:38:42.609762 10c100000 Options.compaction_options_fifo.allow_compaction: 0
2020/06/01-19:38:42.609764 10c100000                   Options.table_properties_collectors: 
2020/06/01-19:38:42.609766 10c100000                   Options.inplace_update_support: 0
2020/06/01-19:38:42.609768 10c100000                 Options.inplace_update_num_locks: 10000
2020/06/01-19:38:42.609770 10c100000               Options.memtable_prefix_bloom_size_ratio: 0.000000
2020/06/01-19:38:42.609772 10c100000               Options.memtable_whole_key_filtering: 0
2020/06/01-19:38:42.609773 10c100000   Options.memtable_huge_page_size: 0
2020/06/01-19:38:42.609775 10c100000                           Options.bloom_locality: 0
2020/06/01-19:38:42.609777 10c100000                    Options.max_successive_merges: 0
2020/06/01-19:38:42.609778 10c100000                Options.optimize_filters_for_hits: 0
2020/06/01-19:38:42.609780 10c100000                Options.paranoid_file_checks: 0
2020/06/01-19:38:42.609782 10c100000                Options.force_consistency_checks: 0
2020/06/01-19:38:42.609784 10c100000                Options.report_bg_io_stats: 0
2020/06/01-19:38:42.609785 10c100000                               Options.ttl: 0
2020/06/01-19:38:42.609787 10c100000          Options.periodic_compaction_seconds: 0
2020/06/01-19:38:42.609852 10c100000 [lumn_family.cc:481] --------------- Options for column family []:
2020/06/01-19:38:42.609856 10c100000               Options.comparator: leveldb.BytewiseComparator
2020/06/01-19:38:42.609858 10c100000           Options.merge_operator: None
2020/06/01-19:38:42.609859 10c100000        Options.compaction_filter: None
2020/06/01-19:38:42.609861 10c100000        Options.compaction_filter_factory: None
2020/06/01-19:38:42.609863 10c100000         Options.memtable_factory: SkipListFactory
2020/06/01-19:38:42.609864 10c100000            Options.table_factory: BlockBasedTable
2020/06/01-19:38:42.609883 10c100000            table_factory options:   flush_block_policy_factory: FlushBlockBySizePolicyFactory (0x7fa15cba7690)
  cache_index_and_filter_blocks: 0
  cache_index_and_filter_blocks_with_high_priority: 1
  pin_l0_filter_and_index_blocks_in_cache: 0
  pin_top_level_index_and_filter: 1
  index_type: 0
  data_block_index_type: 0
  index_shortening: 1
  data_block_hash_table_util_ratio: 0.750000
  hash_index_allow_collision: 1
  checksum: 1
  no_block_cache: 0
  block_cache: 0x7fa15cba82b8
  block_cache_name: LRUCache
  block_cache_options:
    capacity : 8388608
    num_shard_bits : 4
    strict_capacity_limit : 0
    memory_allocator : None
    high_pri_pool_ratio: 0.000
  block_cache_compressed: 0x0
  persistent_cache: 0x0
  block_size: 4096
  block_size_deviation: 10
  block_restart_interval: 16
  index_block_restart_interval: 1
  metadata_block_size: 4096
  partition_filters: 0
  use_delta_encoding: 1
  filter_policy: nullptr
  whole_key_filtering: 1
  verify_compression: 0
  read_amp_bytes_per_bit: 0
  format_version: 2
  enable_index_compression: 1
  block_align: 0
2020/06/01-19:38:42.609886 10c100000        Options.write_buffer_size: 67108864
2020/06/01-19:38:42.609888 10c100000  Options.max_write_buffer_number: 2
2020/06/01-19:38:42.609890 10c100000          Options.compression: Snappy
2020/06/01-19:38:42.609891 10c100000                  Options.bottommost_compression: Disabled
2020/06/01-19:38:42.609893 10c100000       Options.prefix_extractor: nullptr
2020/06/01-19:38:42.609895 10c100000   Options.memtable_insert_with_hint_prefix_extractor: nullptr
2020/06/01-19:38:42.609897 10c100000             Options.num_levels: 7
2020/06/01-19:38:42.609899 10c100000        Options.min_write_buffer_number_to_merge: 1
2020/06/01-19:38:42.609900 10c100000     Options.max_write_buffer_number_to_maintain: 2
2020/06/01-19:38:42.609902 10c100000            Options.bottommost_compression_opts.window_bits: -14
2020/06/01-19:38:42.609904 10c100000                  Options.bottommost_compression_opts.level: 32767
2020/06/01-19:38:42.609906 10c100000               Options.bottommost_compression_opts.strategy: 0
2020/06/01-19:38:42.609908 10c100000         Options.bottommost_compression_opts.max_dict_bytes: 0
2020/06/01-19:38:42.609909 10c100000         Options.bottommost_compression_opts.zstd_max_train_bytes: 0
2020/06/01-19:38:42.609911 10c100000                  Options.bottommost_compression_opts.enabled: false
2020/06/01-19:38:42.609913 10c100000            Options.compression_opts.window_bits: -14
2020/06/01-19:38:42.609915 10c100000                  Options.compression_opts.level: 32767
2020/06/01-19:38:42.609916 10c100000               Options.compression_opts.strategy: 0
2020/06/01-19:38:42.609918 10c100000         Options.compression_opts.max_dict_bytes: 0
2020/06/01-19:38:42.609920 10c100000         Options.compression_opts.zstd_max_train_bytes: 0
2020/06/01-19:38:42.609922 10c100000                  Options.compression_opts.enabled: false
2020/06/01-19:38:42.609923 10c100000      Options.level0_file_num_compaction_trigger: 4
2020/06/01-19:38:42.609925 10c100000          Options.level0_slowdown_writes_trigger: 20
2020/06/01-19:38:42.609927 10c100000              Options.level0_stop_writes_trigger: 36
2020/06/01-19:38:42.609929 10c100000                   Options.target_file_size_base: 67108864
2020/06/01-19:38:42.609930 10c100000             Options.target_file_size_multiplier: 1
2020/06/01-19:38:42.609932 10c100000                Options.max_bytes_for_level_base: 268435456
2020/06/01-19:38:42.609934 10c100000                      Options.snap_refresh_nanos: 0
2020/06/01-19:38:42.609936 10c100000 Options.level_compaction_dynamic_level_bytes: 0
2020/06/01-19:38:42.609937 10c100000          Options.max_bytes_for_level_multiplier: 10.000000
2020/06/01-19:38:42.609940 10c100000 Options.max_bytes_for_level_multiplier_addtl[0]: 1
2020/06/01-19:38:42.609941 10c100000 Options.max_bytes_for_level_multiplier_addtl[1]: 1
2020/06/01-19:38:42.609943 10c100000 Options.max_bytes_for_level_multiplier_addtl[2]: 1
2020/06/01-19:38:42.609945 10c100000 Options.max_bytes_for_level_multiplier_addtl[3]: 1
2020/06/01-19:38:42.609947 10c100000 Options.max_bytes_for_level_multiplier_addtl[4]: 1
2020/06/01-19:38:42.609948 10c100000 Options.max_bytes_for_level_multiplier_addtl[5]: 1
2020/06/01-19:38:42.609950 10c100000 Options.max_bytes_for_level_multiplier_addtl[6]: 1
2020/06/01-19:38:42.609952 10c100000       Options.max_sequential_skip_in_iterations: 8
2020/06/01-19:38:42.609954 10c100000                    Options.max_compaction_bytes: 1677721600
2020/06/01-19:38:42.609955 10c100000                        Options.arena_block_size: 8388608
2020/06/01-19:38:42.609957 10c100000   Options.soft_pending_compaction_bytes_limit: 68719476736
2020/06/01-19:38:42.609959 10c100000   Options.hard_pending_compaction_bytes_limit: 274877906944
2020/06/01-19:38:42.609961 10c100000       Options.rate_limit_delay_max_milliseconds: 100
2020/06/01-19:38:42.609962 10c100000                Options.disable_auto_compactions: 1
2020/06/01-19:38:42.609965 10c100000                        Options.compaction_style: kCompactionStyleLevel
2020/06/01-19:38:42.609966 10c100000                          Options.compaction_pri: kMinOverlappingRatio
2020/06/01-19:38:42.609968 10c100000 Options.compaction_options_universal.size_ratio: 1
2020/06/01-19:38:42.609970 10c100000 Options.compaction_options_universal.min_merge_width: 2
2020/06/01-19:38:42.609972 10c100000 Options.compaction_options_universal.max_merge_width: 4294967295
2020/06/01-19:38:42.609973 10c100000 Options.compaction_options_universal.max_size_amplification_percent: 200
2020/06/01-19:38:42.609975 10c100000 Options.compaction_options_universal.compression_size_percent: -1
2020/06/01-19:38:42.609978 10c100000 Options.compaction_options_universal.stop_style: kCompactionStopStyleTotalSize
2020/06/01-19:38:42.609979 10c100000 Options.compaction_options_fifo.max_table_files_size: 1073741824
2020/06/01-19:38:42.609981 10c100000 Options.compaction_options_fifo.allow_compaction: 0
2020/06/01-19:38:42.609983 10c100000                   Options.table_properties_collectors: 
2020/06/01-19:38:42.609985 10c100000                   Options.inplace_update_support: 0
2020/06/01-19:38:42.609986 10c100000                 Options.inplace_update_num_locks: 10000
2020/06/01-19:38:42.609988 10c100000               Options.memtable_prefix_bloom_size_ratio: 0.000000
2020/06/01-19:38:42.609990 10c100000               Options.memtable_whole_key_filtering: 0
2020/06/01-19:38:42.609992 10c100000   Options.memtable_huge_page_size: 0
2020/06/01-19:38:42.609993 10c100000                           Options.bloom_locality: 0
2020/06/01-19:38:42.609995 10c100000                    Options.max_successive_merges: 0
2020/06/01-19:38:42.609997 10c100000                Options.optimize_filters_for_hits: 0
2020/06/01-19:38:42.609999 10c100000                Options.paranoid_file_checks: 0
2020/06/01-19:38:42.610000 10c100000                Options.force_consistency_checks: 0
2020/06/01-19:38:42.610002 10c100000                Options.report_bg_io_stats: 0
2020/06/01-19:38:42.610004 10c100000                               Options.ttl: 0
2020/06/01-19:38:42.610005 10c100000          Options.periodic_compaction_seconds: 0
2020/06/01-19:38:42.610051 10c100000 [lumn_family.cc:481] --------------- Options for column family []:
2020/06/01-19:38:42.610055 10c100000               Options.comparator: leveldb.BytewiseComparator
2020/06/01-19:38:42.610057 10c100000           Options.merge_operator: None
2020/06/01-19:38:42.610059 10c100000        Options.compaction_filter: None
2020/06/01-19:38:42.610060 10c100000        Options.compaction_filter_factory: None
2020/06/01-19:38:42.610062 10c100000         Options.memtable_factory: SkipListFactory
2020/06/01-19:38:42.610064 10c100000            Options.table_factory: BlockBasedTable
2020/06/01-19:38:42.610082 10c100000            table_factory options:   flush_block_policy_factory: FlushBlockBySizePolicyFactory (0x7fa15cba9430)
  cache_index_and_filter_blocks: 0
  cache_index_and_filter_blocks_with_high_priority: 1
  pin_l0_filter_and_index_blocks_in_cache: 0
  pin_top_level_index_and_filter: 1
  index_type: 0
  data_block_index_type: 0
  index_shortening: 1
  data_block_hash_table_util_ratio: 0.750000
  hash_index_allow_collision: 1
  checksum: 1
  no_block_cache: 0
  block_cache: 0x7fa15cba9478
  block_cache_name: LRUCache
  block_cache_options:
    capacity : 8388608
    num_shard_bits : 4
    strict_capacity_limit : 0
    memory_allocator : None
    high_pri_pool_ratio: 0.000
  block_cache_compressed: 0x0
  persistent_cache: 0x0
  block_size: 4096
  block_size_deviation: 10
  block_restart_interval: 16
  index_block_restart_interval: 1
  metadata_block_size: 4096
  partition_filters: 0
  use_delta_encoding: 1
  filter_policy: nullptr
  whole_key_filtering: 1
  verify_compression: 0
  read_amp_bytes_per_bit: 0
  format_version: 2
  enable_index_compression: 1
  block_align: 0
2020/06/01-19:38:42.610084 10c100000        Options.write_buffer_size: 67108864
2020/06/01-19:38:42.610086 10c100000  Options.max_write_buffer_number: 2
2020/06/01-19:38:42.610088 10c100000          Options.compression: Snappy
2020/06/01-19:38:42.610090 10c100000                  Options.bottommost_compression: Disabled
2020/06/01-19:38:42.610092 10c100000       Options.prefix_extractor: nullptr
2020/06/01-19:38:42.610093 10c100000   Options.memtable_insert_with_hint_prefix_extractor: nullptr
2020/06/01-19:38:42.610095 10c100000             Options.num_levels: 7
2020/06/01-19:38:42.610097 10c100000        Options.min_write_buffer_number_to_merge: 1
2020/06/01-19:38:42.610098 10c100000     Options.max_write_buffer_number_to_maintain: 2
2020/06/01-19:38:42.610100 10c100000            Options.bottommost_compression_opts.window_bits: -14
2020/06/01-19:38:42.610102 10c100000                  Options.bottommost_compression_opts.level: 32767
2020/06/01-19:38:42.610104 10c100000               Options.bottommost_compression_opts.strategy: 0
2020/06/01-19:38:42.610106 10c100000         Options.bottommost_compression_opts.max_dict_bytes: 0
2020/06/01-19:38:42.610107 10c100000         Options.bottommost_compression_opts.zstd_max_train_bytes: 0
2020/06/01-19:38:42.610109 10c100000                  Options.bottommost_compression_opts.enabled: false
2020/06/01-19:38:42.610111 10c100000            Options.compression_opts.window_bits: -14
2020/06/01-19:38:42.610113 10c100000                  Options.compression_opts.level: 32767
2020/06/01-19:38:42.610115 10c100000               Options.compression_opts.strategy: 0
2020/06/01-19:38:42.610116 10c100000         Options.compression_opts.max_dict_bytes: 0
2020/06/01-19:38:42.610118 10c100000         Options.compression_opts.zstd_max_train_bytes: 0
2020/06/01-19:38:42.610120 10c100000                  Options.compression_opts.enabled: false
2020/06/01-19:38:42.610121 10c100000      Options.level0_file_num_compaction_trigger: 4
2020/06/01-19:38:42.610123 10c100000          Options.level0_slowdown_writes_trigger: 20
2020/06/01-19:38:42.610125 10c100000              Options.level0_stop_writes_trigger: 36
2020/06/01-19:38:42.610127 10c100000                   Options.target_file_size_base: 67108864
2020/06/01-19:38:42.610128 10c100000             Options.target_file_size_multiplier: 1
2020/06/01-19:38:42.610130 10c100000                Options.max_bytes_for_level_base: 268435456
2020/06/01-19:38:42.610132 10c100000                      Options.snap_refresh_nanos: 0
2020/06/01-19:38:42.610133 10c100000 Options.level_compaction_dynamic_level_bytes: 0
2020/06/01-19:38:42.610135 10c100000          Options.max_bytes_for_level_multiplier: 10.000000
2020/06/01-19:38:42.610137 10c100000 Options.max_bytes_for_level_multiplier_addtl[0]: 1
2020/06/01-19:38:42.610139 10c100000 Options.max_bytes_for_level_multiplier_addtl[1]: 1
2020/06/01-19:38:42.610141 10c100000 Options.max_bytes_for_level_multiplier_addtl[2]: 1
2020/06/01-19:38:42.610143 10c100000 Options.max_bytes_for_level_multiplier_addtl[3]: 1
2020/06/01-19:38:42.610145 10c100000 Options.max_bytes_for_level_multiplier_addtl[4]: 1
2020/06/01-19:38:42.610146 10c100000 Options.max_bytes_for_level_multiplier_addtl[5]: 1
2020/06/01-19:38:42.610148 10c100000 Options.max_bytes_for_level_multiplier_addtl[6]: 1
2020/06/01-19:38:42.610150 10c100000       Options.max_sequential_skip_in_iterations: 8
2020/06/01-19:38:42.610152 10c100000                    Options.max_compaction_bytes: 1677721600
2020/06/01-19:38:42.610154 10c100000                        Options.arena_block_size: 8388608
2020/06/01-19:38:42.610156 10c100000   Options.soft_pending_compaction_bytes_limit: 68719476736
2020/06/01-19:38:42.610157 10c100000   Options.hard_pending_compaction_bytes_limit: 274877906944
2020/06/01-19:38:42.610159 10c100000       Options.rate_limit_delay_max_milliseconds: 100
2020/06/01-19:38:42.610161 10c100000                Options.disable_auto_compactions: 1
2020/06/01-19:38:42.610163 10c100000                        Options.compaction_style: kCompactionStyleLevel
2020/06/01-19:38:42.610165 10c100000                          Options.compaction_pri: kMinOverlappingRatio
2020/06/01-19:38:42.610166 10c100000 Options.compaction_options_universal.size_ratio: 1
2020/06/01-19:38:42.610168 10c100000 Options.compaction_options_universal.min_merge_width: 2
2020/06/01-19:38:42.610170 10c100000 Options.compaction_options_universal.max_merge_width: 4294967295
2020/06/01-19:38:42.610171 10c100000 Options.compaction_options_universal.max_size_amplification_percent: 200
2020/06/01-19:38:42.610173 10c100000 Options.compaction_options_universal.compression_size_percent: -1
2020/06/01-19:38:42.610175 10c100000 Options.compaction_options_universal.stop_style: kCompactionStopStyleTotalSize
2020/06/01-19:38:42.610177 10c100000 Options.compaction_options_fifo.max_table_files_size: 1073741824
2020/06/01-19:38:42.610178 10c100000 Options.compaction_options_fifo.allow_compaction: 0
2020/06/01-19:38:42.610180 10c100000                   Options.table_properties_collectors: 
2020/06/01-19:38:42.610182 10c100000                   Options.inplace_update_support: 0
2020/06/01-19:38:42.610183 10c100000                 Options.inplace_update_num_locks: 10000
2020/06/01-19:38:42.610185 10c100000               Options.memtable_prefix_bloom_size_ratio: 0.000000
2020/06/01-19:38:42.610186 10c100000               Options.memtable_whole_key_filtering: 0
2020/06/01-19:38:42.610188 10c100000   Options.memtable_huge_page_size: 0
2020/06/01-19:38:42.610190 10c100000                           Options.bloom_locality: 0
