2020/05/19-11:59:09.704828 10d53e000 RocksDB version: 6.4.6
2020/05/19-11:59:09.705020 10d53e000 Git sha rocksdb_build_git_sha:e3169e3ea8762d2f34880742106858a23c8dc8b7
2020/05/19-11:59:09.705026 10d53e000 Compile date Nov 24 2019
2020/05/19-11:59:09.705033 10d53e000 DB SUMMARY
2020/05/19-11:59:09.705186 10d53e000 CURRENT file:  CURRENT
2020/05/19-11:59:09.705190 10d53e000 IDENTITY file:  IDENTITY
2020/05/19-11:59:09.705202 10d53e000 MANIFEST file:  MANIFEST-000079 size: 1216 Bytes
2020/05/19-11:59:09.705205 10d53e000 SST files in /Users/Happpyyyyyyy/PIR/IBFT-Network/Node-2/data/database dir, Total Num: 4, files: 000029.sst 000046.sst 000063.sst 000087.sst 
2020/05/19-11:59:09.705208 10d53e000 Write Ahead Log file in /Users/Happpyyyyyyy/PIR/IBFT-Network/Node-2/data/database: 000003.log size: 39419 ; 000031.log size: 140983 ; 000048.log size: 647098 ; 000065.log size: 616 ; 000081.log size: 17014 ; 
2020/05/19-11:59:09.705212 10d53e000                         Options.error_if_exists: 0
2020/05/19-11:59:09.705218 10d53e000                       Options.create_if_missing: 1
2020/05/19-11:59:09.705221 10d53e000                         Options.paranoid_checks: 1
2020/05/19-11:59:09.705222 10d53e000                                     Options.env: 0x1300620d0
2020/05/19-11:59:09.705224 10d53e000                                Options.info_log: 0x7f805ae1d720
2020/05/19-11:59:09.705226 10d53e000                Options.max_file_opening_threads: 16
2020/05/19-11:59:09.705228 10d53e000                              Options.statistics: 0x7f805ae18510
2020/05/19-11:59:09.705230 10d53e000                               Options.use_fsync: 0
2020/05/19-11:59:09.705235 10d53e000                       Options.max_log_file_size: 0
2020/05/19-11:59:09.705237 10d53e000                  Options.max_manifest_file_size: 1073741824
2020/05/19-11:59:09.705239 10d53e000                   Options.log_file_time_to_roll: 0
2020/05/19-11:59:09.705240 10d53e000                       Options.keep_log_file_num: 1000
2020/05/19-11:59:09.705242 10d53e000                    Options.recycle_log_file_num: 0
2020/05/19-11:59:09.705244 10d53e000                         Options.allow_fallocate: 1
2020/05/19-11:59:09.705246 10d53e000                        Options.allow_mmap_reads: 0
2020/05/19-11:59:09.705248 10d53e000                       Options.allow_mmap_writes: 0
2020/05/19-11:59:09.705250 10d53e000                        Options.use_direct_reads: 0
2020/05/19-11:59:09.705251 10d53e000                        Options.use_direct_io_for_flush_and_compaction: 0
2020/05/19-11:59:09.705253 10d53e000          Options.create_missing_column_families: 1
2020/05/19-11:59:09.705255 10d53e000                              Options.db_log_dir: 
2020/05/19-11:59:09.705257 10d53e000                                 Options.wal_dir: /Users/Happpyyyyyyy/PIR/IBFT-Network/Node-2/data/database
2020/05/19-11:59:09.705258 10d53e000                Options.table_cache_numshardbits: 6
2020/05/19-11:59:09.705260 10d53e000                      Options.max_subcompactions: 1
2020/05/19-11:59:09.705262 10d53e000                  Options.max_background_flushes: -1
2020/05/19-11:59:09.705264 10d53e000                         Options.WAL_ttl_seconds: 0
2020/05/19-11:59:09.705266 10d53e000                       Options.WAL_size_limit_MB: 0
2020/05/19-11:59:09.705267 10d53e000             Options.manifest_preallocation_size: 4194304
2020/05/19-11:59:09.705269 10d53e000                     Options.is_fd_close_on_exec: 1
2020/05/19-11:59:09.705271 10d53e000                   Options.advise_random_on_open: 1
2020/05/19-11:59:09.705273 10d53e000                    Options.db_write_buffer_size: 0
2020/05/19-11:59:09.705274 10d53e000                    Options.write_buffer_manager: 0x7f805ae1d200
2020/05/19-11:59:09.705276 10d53e000         Options.access_hint_on_compaction_start: 1
2020/05/19-11:59:09.705278 10d53e000  Options.new_table_reader_for_compaction_inputs: 0
2020/05/19-11:59:09.705279 10d53e000           Options.random_access_max_buffer_size: 1048576
2020/05/19-11:59:09.705281 10d53e000                      Options.use_adaptive_mutex: 0
2020/05/19-11:59:09.705283 10d53e000                            Options.rate_limiter: 0x0
2020/05/19-11:59:09.705285 10d53e000     Options.sst_file_manager.rate_bytes_per_sec: 0
2020/05/19-11:59:09.705287 10d53e000                       Options.wal_recovery_mode: 2
2020/05/19-11:59:09.705288 10d53e000                  Options.enable_thread_tracking: 0
2020/05/19-11:59:09.705290 10d53e000                  Options.enable_pipelined_write: 0
2020/05/19-11:59:09.705292 10d53e000                  Options.unordered_write: 0
2020/05/19-11:59:09.705294 10d53e000         Options.allow_concurrent_memtable_write: 1
2020/05/19-11:59:09.705295 10d53e000      Options.enable_write_thread_adaptive_yield: 1
2020/05/19-11:59:09.705297 10d53e000             Options.write_thread_max_yield_usec: 100
2020/05/19-11:59:09.705299 10d53e000            Options.write_thread_slow_yield_usec: 3
2020/05/19-11:59:09.705301 10d53e000                               Options.row_cache: None
2020/05/19-11:59:09.705303 10d53e000                              Options.wal_filter: None
2020/05/19-11:59:09.705305 10d53e000             Options.avoid_flush_during_recovery: 0
2020/05/19-11:59:09.705307 10d53e000             Options.allow_ingest_behind: 0
2020/05/19-11:59:09.705308 10d53e000             Options.preserve_deletes: 0
2020/05/19-11:59:09.705310 10d53e000             Options.two_write_queues: 0
2020/05/19-11:59:09.705312 10d53e000             Options.manual_wal_flush: 0
2020/05/19-11:59:09.705314 10d53e000             Options.atomic_flush: 0
2020/05/19-11:59:09.705315 10d53e000             Options.avoid_unnecessary_blocking_io: 0
2020/05/19-11:59:09.705317 10d53e000                 Options.persist_stats_to_disk: 0
2020/05/19-11:59:09.705319 10d53e000                 Options.log_readahead_size: 0
2020/05/19-11:59:09.705321 10d53e000             Options.max_background_jobs: 2
2020/05/19-11:59:09.705323 10d53e000             Options.max_background_compactions: 4
2020/05/19-11:59:09.705325 10d53e000             Options.avoid_flush_during_shutdown: 0
2020/05/19-11:59:09.705326 10d53e000           Options.writable_file_max_buffer_size: 1048576
2020/05/19-11:59:09.705328 10d53e000             Options.delayed_write_rate : 16777216
2020/05/19-11:59:09.705330 10d53e000             Options.max_total_wal_size: 0
2020/05/19-11:59:09.705332 10d53e000             Options.delete_obsolete_files_period_micros: 21600000000
2020/05/19-11:59:09.705334 10d53e000                   Options.stats_dump_period_sec: 600
2020/05/19-11:59:09.705336 10d53e000                 Options.stats_persist_period_sec: 600
2020/05/19-11:59:09.705338 10d53e000                 Options.stats_history_buffer_size: 1048576
2020/05/19-11:59:09.705340 10d53e000                          Options.max_open_files: 1024
2020/05/19-11:59:09.705342 10d53e000                          Options.bytes_per_sync: 0
2020/05/19-11:59:09.705344 10d53e000                      Options.wal_bytes_per_sync: 0
2020/05/19-11:59:09.705346 10d53e000                   Options.strict_bytes_per_sync: 0
2020/05/19-11:59:09.705348 10d53e000       Options.compaction_readahead_size: 0
2020/05/19-11:59:09.705350 10d53e000 Compression algorithms supported:
2020/05/19-11:59:09.705357 10d53e000 	kZSTD supported: 1
2020/05/19-11:59:09.705360 10d53e000 	kZlibCompression supported: 1
2020/05/19-11:59:09.705363 10d53e000 	kXpressCompression supported: 0
2020/05/19-11:59:09.705365 10d53e000 	kSnappyCompression supported: 1
2020/05/19-11:59:09.705367 10d53e000 	kZSTDNotFinalCompression supported: 1
2020/05/19-11:59:09.705369 10d53e000 	kLZ4HCCompression supported: 1
2020/05/19-11:59:09.705370 10d53e000 	kLZ4Compression supported: 1
2020/05/19-11:59:09.705372 10d53e000 	kBZip2Compression supported: 1
2020/05/19-11:59:09.705381 10d53e000 Fast CRC32 supported: Not supported on x86
2020/05/19-11:59:09.705700 10d53e000 [rsion_set.cc:4252] Recovering from manifest file: /Users/Happpyyyyyyy/PIR/IBFT-Network/Node-2/data/database/MANIFEST-000079
2020/05/19-11:59:09.705789 10d53e000 [lumn_family.cc:481] --------------- Options for column family [default]:
2020/05/19-11:59:09.705794 10d53e000               Options.comparator: leveldb.BytewiseComparator
2020/05/19-11:59:09.705797 10d53e000           Options.merge_operator: None
2020/05/19-11:59:09.705798 10d53e000        Options.compaction_filter: None
2020/05/19-11:59:09.705800 10d53e000        Options.compaction_filter_factory: None
2020/05/19-11:59:09.705802 10d53e000         Options.memtable_factory: SkipListFactory
2020/05/19-11:59:09.705804 10d53e000            Options.table_factory: BlockBasedTable
2020/05/19-11:59:09.705841 10d53e000            table_factory options:   flush_block_policy_factory: FlushBlockBySizePolicyFactory (0x7f805ad1a390)
  cache_index_and_filter_blocks: 0
  cache_index_and_filter_blocks_with_high_priority: 0
  pin_l0_filter_and_index_blocks_in_cache: 0
  pin_top_level_index_and_filter: 1
  index_type: 0
  data_block_index_type: 0
  index_shortening: 1
  data_block_hash_table_util_ratio: 0.750000
  hash_index_allow_collision: 1
  checksum: 1
  no_block_cache: 0
  block_cache: 0x7f805ae189e8
  block_cache_name: LRUCache
  block_cache_options:
    capacity : 8388608
    num_shard_bits : 4
    strict_capacity_limit : 0
    memory_allocator : None
    high_pri_pool_ratio: 0.000
  block_cache_compressed: 0x0
  persistent_cache: 0x0
  block_size: 4096
  block_size_deviation: 10
  block_restart_interval: 16
  index_block_restart_interval: 1
  metadata_block_size: 4096
  partition_filters: 0
  use_delta_encoding: 1
  filter_policy: nullptr
  whole_key_filtering: 1
  verify_compression: 1
  read_amp_bytes_per_bit: 0
  format_version: 2
  enable_index_compression: 1
  block_align: 0
2020/05/19-11:59:09.705844 10d53e000        Options.write_buffer_size: 67108864
2020/05/19-11:59:09.705846 10d53e000  Options.max_write_buffer_number: 2
2020/05/19-11:59:09.705848 10d53e000          Options.compression: Snappy
2020/05/19-11:59:09.705850 10d53e000                  Options.bottommost_compression: Disabled
2020/05/19-11:59:09.705852 10d53e000       Options.prefix_extractor: nullptr
2020/05/19-11:59:09.705854 10d53e000   Options.memtable_insert_with_hint_prefix_extractor: nullptr
2020/05/19-11:59:09.705856 10d53e000             Options.num_levels: 7
2020/05/19-11:59:09.705858 10d53e000        Options.min_write_buffer_number_to_merge: 1
2020/05/19-11:59:09.705859 10d53e000     Options.max_write_buffer_number_to_maintain: 2
2020/05/19-11:59:09.705861 10d53e000            Options.bottommost_compression_opts.window_bits: -14
2020/05/19-11:59:09.705863 10d53e000                  Options.bottommost_compression_opts.level: 32767
2020/05/19-11:59:09.705869 10d53e000               Options.bottommost_compression_opts.strategy: 0
2020/05/19-11:59:09.705872 10d53e000         Options.bottommost_compression_opts.max_dict_bytes: 0
2020/05/19-11:59:09.705874 10d53e000         Options.bottommost_compression_opts.zstd_max_train_bytes: 0
2020/05/19-11:59:09.705875 10d53e000                  Options.bottommost_compression_opts.enabled: false
2020/05/19-11:59:09.705877 10d53e000            Options.compression_opts.window_bits: -14
2020/05/19-11:59:09.705879 10d53e000                  Options.compression_opts.level: 32767
2020/05/19-11:59:09.705881 10d53e000               Options.compression_opts.strategy: 0
2020/05/19-11:59:09.705883 10d53e000         Options.compression_opts.max_dict_bytes: 0
2020/05/19-11:59:09.705885 10d53e000         Options.compression_opts.zstd_max_train_bytes: 0
2020/05/19-11:59:09.705887 10d53e000                  Options.compression_opts.enabled: false
2020/05/19-11:59:09.705889 10d53e000      Options.level0_file_num_compaction_trigger: 4
2020/05/19-11:59:09.705891 10d53e000          Options.level0_slowdown_writes_trigger: 20
2020/05/19-11:59:09.705893 10d53e000              Options.level0_stop_writes_trigger: 36
2020/05/19-11:59:09.705895 10d53e000                   Options.target_file_size_base: 67108864
2020/05/19-11:59:09.705897 10d53e000             Options.target_file_size_multiplier: 1
2020/05/19-11:59:09.705899 10d53e000                Options.max_bytes_for_level_base: 268435456
2020/05/19-11:59:09.705901 10d53e000                      Options.snap_refresh_nanos: 0
2020/05/19-11:59:09.705903 10d53e000 Options.level_compaction_dynamic_level_bytes: 0
2020/05/19-11:59:09.705905 10d53e000          Options.max_bytes_for_level_multiplier: 10.000000
2020/05/19-11:59:09.705907 10d53e000 Options.max_bytes_for_level_multiplier_addtl[0]: 1
2020/05/19-11:59:09.705909 10d53e000 Options.max_bytes_for_level_multiplier_addtl[1]: 1
2020/05/19-11:59:09.705911 10d53e000 Options.max_bytes_for_level_multiplier_addtl[2]: 1
2020/05/19-11:59:09.705913 10d53e000 Options.max_bytes_for_level_multiplier_addtl[3]: 1
2020/05/19-11:59:09.705915 10d53e000 Options.max_bytes_for_level_multiplier_addtl[4]: 1
2020/05/19-11:59:09.705917 10d53e000 Options.max_bytes_for_level_multiplier_addtl[5]: 1
2020/05/19-11:59:09.705918 10d53e000 Options.max_bytes_for_level_multiplier_addtl[6]: 1
2020/05/19-11:59:09.705920 10d53e000       Options.max_sequential_skip_in_iterations: 8
2020/05/19-11:59:09.705922 10d53e000                    Options.max_compaction_bytes: 1677721600
2020/05/19-11:59:09.705924 10d53e000                        Options.arena_block_size: 8388608
2020/05/19-11:59:09.705926 10d53e000   Options.soft_pending_compaction_bytes_limit: 68719476736
2020/05/19-11:59:09.705928 10d53e000   Options.hard_pending_compaction_bytes_limit: 274877906944
2020/05/19-11:59:09.705930 10d53e000       Options.rate_limit_delay_max_milliseconds: 100
2020/05/19-11:59:09.705933 10d53e000                Options.disable_auto_compactions: 1
2020/05/19-11:59:09.705935 10d53e000                        Options.compaction_style: kCompactionStyleLevel
2020/05/19-11:59:09.705938 10d53e000                          Options.compaction_pri: kMinOverlappingRatio
2020/05/19-11:59:09.705939 10d53e000 Options.compaction_options_universal.size_ratio: 1
2020/05/19-11:59:09.705941 10d53e000 Options.compaction_options_universal.min_merge_width: 2
2020/05/19-11:59:09.705943 10d53e000 Options.compaction_options_universal.max_merge_width: 4294967295
2020/05/19-11:59:09.705945 10d53e000 Options.compaction_options_universal.max_size_amplification_percent: 200
2020/05/19-11:59:09.705946 10d53e000 Options.compaction_options_universal.compression_size_percent: -1
2020/05/19-11:59:09.705949 10d53e000 Options.compaction_options_universal.stop_style: kCompactionStopStyleTotalSize
2020/05/19-11:59:09.705951 10d53e000 Options.compaction_options_fifo.max_table_files_size: 1073741824
2020/05/19-11:59:09.705953 10d53e000 Options.compaction_options_fifo.allow_compaction: 0
2020/05/19-11:59:09.705955 10d53e000                   Options.table_properties_collectors: 
2020/05/19-11:59:09.705957 10d53e000                   Options.inplace_update_support: 0
2020/05/19-11:59:09.705958 10d53e000                 Options.inplace_update_num_locks: 10000
2020/05/19-11:59:09.705965 10d53e000               Options.memtable_prefix_bloom_size_ratio: 0.000000
2020/05/19-11:59:09.705969 10d53e000               Options.memtable_whole_key_filtering: 0
2020/05/19-11:59:09.705971 10d53e000   Options.memtable_huge_page_size: 0
2020/05/19-11:59:09.705973 10d53e000                           Options.bloom_locality: 0
2020/05/19-11:59:09.705975 10d53e000                    Options.max_successive_merges: 0
2020/05/19-11:59:09.705977 10d53e000                Options.optimize_filters_for_hits: 0
2020/05/19-11:59:09.705979 10d53e000                Options.paranoid_file_checks: 0
2020/05/19-11:59:09.705980 10d53e000                Options.force_consistency_checks: 0
2020/05/19-11:59:09.705982 10d53e000                Options.report_bg_io_stats: 0
2020/05/19-11:59:09.705984 10d53e000                               Options.ttl: 0
2020/05/19-11:59:09.705985 10d53e000          Options.periodic_compaction_seconds: 0
2020/05/19-11:59:09.706390 10d53e000 [lumn_family.cc:481] --------------- Options for column family []:
2020/05/19-11:59:09.706397 10d53e000               Options.comparator: leveldb.BytewiseComparator
2020/05/19-11:59:09.706399 10d53e000           Options.merge_operator: None
2020/05/19-11:59:09.706401 10d53e000        Options.compaction_filter: None
2020/05/19-11:59:09.706403 10d53e000        Options.compaction_filter_factory: None
2020/05/19-11:59:09.706405 10d53e000         Options.memtable_factory: SkipListFactory
2020/05/19-11:59:09.706406 10d53e000            Options.table_factory: BlockBasedTable
2020/05/19-11:59:09.706454 10d53e000            table_factory options:   flush_block_policy_factory: FlushBlockBySizePolicyFactory (0x7f805ae12ee0)
  cache_index_and_filter_blocks: 0
  cache_index_and_filter_blocks_with_high_priority: 1
  pin_l0_filter_and_index_blocks_in_cache: 0
  pin_top_level_index_and_filter: 1
  index_type: 0
  data_block_index_type: 0
  index_shortening: 1
  data_block_hash_table_util_ratio: 0.750000
  hash_index_allow_collision: 1
  checksum: 1
  no_block_cache: 0
  block_cache: 0x7f805ae138c8
  block_cache_name: LRUCache
  block_cache_options:
    capacity : 8388608
    num_shard_bits : 4
    strict_capacity_limit : 0
    memory_allocator : None
    high_pri_pool_ratio: 0.000
  block_cache_compressed: 0x0
  persistent_cache: 0x0
  block_size: 4096
  block_size_deviation: 10
  block_restart_interval: 16
  index_block_restart_interval: 1
  metadata_block_size: 4096
  partition_filters: 0
  use_delta_encoding: 1
  filter_policy: nullptr
  whole_key_filtering: 1
  verify_compression: 0
  read_amp_bytes_per_bit: 0
  format_version: 2
  enable_index_compression: 1
  block_align: 0
2020/05/19-11:59:09.706457 10d53e000        Options.write_buffer_size: 67108864
2020/05/19-11:59:09.706459 10d53e000  Options.max_write_buffer_number: 2
2020/05/19-11:59:09.706461 10d53e000          Options.compression: Snappy
2020/05/19-11:59:09.706463 10d53e000                  Options.bottommost_compression: Disabled
2020/05/19-11:59:09.706465 10d53e000       Options.prefix_extractor: nullptr
2020/05/19-11:59:09.706467 10d53e000   Options.memtable_insert_with_hint_prefix_extractor: nullptr
2020/05/19-11:59:09.706468 10d53e000             Options.num_levels: 7
2020/05/19-11:59:09.706470 10d53e000        Options.min_write_buffer_number_to_merge: 1
2020/05/19-11:59:09.706472 10d53e000     Options.max_write_buffer_number_to_maintain: 2
2020/05/19-11:59:09.706474 10d53e000            Options.bottommost_compression_opts.window_bits: -14
2020/05/19-11:59:09.706476 10d53e000                  Options.bottommost_compression_opts.level: 32767
2020/05/19-11:59:09.706478 10d53e000               Options.bottommost_compression_opts.strategy: 0
2020/05/19-11:59:09.706480 10d53e000         Options.bottommost_compression_opts.max_dict_bytes: 0
2020/05/19-11:59:09.706482 10d53e000         Options.bottommost_compression_opts.zstd_max_train_bytes: 0
2020/05/19-11:59:09.706484 10d53e000                  Options.bottommost_compression_opts.enabled: false
2020/05/19-11:59:09.706486 10d53e000            Options.compression_opts.window_bits: -14
2020/05/19-11:59:09.706488 10d53e000                  Options.compression_opts.level: 32767
2020/05/19-11:59:09.706490 10d53e000               Options.compression_opts.strategy: 0
2020/05/19-11:59:09.706492 10d53e000         Options.compression_opts.max_dict_bytes: 0
2020/05/19-11:59:09.706494 10d53e000         Options.compression_opts.zstd_max_train_bytes: 0
2020/05/19-11:59:09.706496 10d53e000                  Options.compression_opts.enabled: false
2020/05/19-11:59:09.706497 10d53e000      Options.level0_file_num_compaction_trigger: 4
2020/05/19-11:59:09.706499 10d53e000          Options.level0_slowdown_writes_trigger: 20
2020/05/19-11:59:09.706501 10d53e000              Options.level0_stop_writes_trigger: 36
2020/05/19-11:59:09.706503 10d53e000                   Options.target_file_size_base: 67108864
2020/05/19-11:59:09.706505 10d53e000             Options.target_file_size_multiplier: 1
2020/05/19-11:59:09.706507 10d53e000                Options.max_bytes_for_level_base: 268435456
2020/05/19-11:59:09.706509 10d53e000                      Options.snap_refresh_nanos: 0
2020/05/19-11:59:09.706511 10d53e000 Options.level_compaction_dynamic_level_bytes: 0
2020/05/19-11:59:09.706513 10d53e000          Options.max_bytes_for_level_multiplier: 10.000000
2020/05/19-11:59:09.706515 10d53e000 Options.max_bytes_for_level_multiplier_addtl[0]: 1
2020/05/19-11:59:09.706517 10d53e000 Options.max_bytes_for_level_multiplier_addtl[1]: 1
2020/05/19-11:59:09.706519 10d53e000 Options.max_bytes_for_level_multiplier_addtl[2]: 1
2020/05/19-11:59:09.706521 10d53e000 Options.max_bytes_for_level_multiplier_addtl[3]: 1
2020/05/19-11:59:09.706523 10d53e000 Options.max_bytes_for_level_multiplier_addtl[4]: 1
2020/05/19-11:59:09.706525 10d53e000 Options.max_bytes_for_level_multiplier_addtl[5]: 1
2020/05/19-11:59:09.706527 10d53e000 Options.max_bytes_for_level_multiplier_addtl[6]: 1
2020/05/19-11:59:09.706529 10d53e000       Options.max_sequential_skip_in_iterations: 8
2020/05/19-11:59:09.706531 10d53e000                    Options.max_compaction_bytes: 1677721600
2020/05/19-11:59:09.706533 10d53e000                        Options.arena_block_size: 8388608
2020/05/19-11:59:09.706535 10d53e000   Options.soft_pending_compaction_bytes_limit: 68719476736
2020/05/19-11:59:09.706537 10d53e000   Options.hard_pending_compaction_bytes_limit: 274877906944
2020/05/19-11:59:09.706539 10d53e000       Options.rate_limit_delay_max_milliseconds: 100
2020/05/19-11:59:09.706541 10d53e000                Options.disable_auto_compactions: 1
2020/05/19-11:59:09.706544 10d53e000                        Options.compaction_style: kCompactionStyleLevel
2020/05/19-11:59:09.706546 10d53e000                          Options.compaction_pri: kMinOverlappingRatio
2020/05/19-11:59:09.706548 10d53e000 Options.compaction_options_universal.size_ratio: 1
2020/05/19-11:59:09.706550 10d53e000 Options.compaction_options_universal.min_merge_width: 2
2020/05/19-11:59:09.706552 10d53e000 Options.compaction_options_universal.max_merge_width: 4294967295
2020/05/19-11:59:09.706554 10d53e000 Options.compaction_options_universal.max_size_amplification_percent: 200
2020/05/19-11:59:09.706556 10d53e000 Options.compaction_options_universal.compression_size_percent: -1
2020/05/19-11:59:09.706559 10d53e000 Options.compaction_options_universal.stop_style: kCompactionStopStyleTotalSize
2020/05/19-11:59:09.706561 10d53e000 Options.compaction_options_fifo.max_table_files_size: 1073741824
2020/05/19-11:59:09.706563 10d53e000 Options.compaction_options_fifo.allow_compaction: 0
2020/05/19-11:59:09.706565 10d53e000                   Options.table_properties_collectors: 
2020/05/19-11:59:09.706567 10d53e000                   Options.inplace_update_support: 0
2020/05/19-11:59:09.706569 10d53e000                 Options.inplace_update_num_locks: 10000
2020/05/19-11:59:09.706571 10d53e000               Options.memtable_prefix_bloom_size_ratio: 0.000000
2020/05/19-11:59:09.706573 10d53e000               Options.memtable_whole_key_filtering: 0
2020/05/19-11:59:09.706575 10d53e000   Options.memtable_huge_page_size: 0
2020/05/19-11:59:09.706577 10d53e000                           Options.bloom_locality: 0
2020/05/19-11:59:09.706579 10d53e000                    Options.max_successive_merges: 0
2020/05/19-11:59:09.706581 10d53e000                Options.optimize_filters_for_hits: 0
2020/05/19-11:59:09.706583 10d53e000                Options.paranoid_file_checks: 0
2020/05/19-11:59:09.706585 10d53e000                Options.force_consistency_checks: 0
2020/05/19-11:59:09.706587 10d53e000                Options.report_bg_io_stats: 0
2020/05/19-11:59:09.706589 10d53e000                               Options.ttl: 0
2020/05/19-11:59:09.706591 10d53e000          Options.periodic_compaction_seconds: 0
2020/05/19-11:59:09.706652 10d53e000 [lumn_family.cc:481] --------------- Options for column family []:
2020/05/19-11:59:09.706656 10d53e000               Options.comparator: leveldb.BytewiseComparator
2020/05/19-11:59:09.706658 10d53e000           Options.merge_operator: None
2020/05/19-11:59:09.706660 10d53e000        Options.compaction_filter: None
2020/05/19-11:59:09.706661 10d53e000        Options.compaction_filter_factory: None
2020/05/19-11:59:09.706663 10d53e000         Options.memtable_factory: SkipListFactory
2020/05/19-11:59:09.706665 10d53e000            Options.table_factory: BlockBasedTable
2020/05/19-11:59:09.706686 10d53e000            table_factory options:   flush_block_policy_factory: FlushBlockBySizePolicyFactory (0x7f805ae13a30)
  cache_index_and_filter_blocks: 0
  cache_index_and_filter_blocks_with_high_priority: 1
  pin_l0_filter_and_index_blocks_in_cache: 0
  pin_top_level_index_and_filter: 1
  index_type: 0
  data_block_index_type: 0
  index_shortening: 1
  data_block_hash_table_util_ratio: 0.750000
  hash_index_allow_collision: 1
  checksum: 1
  no_block_cache: 0
  block_cache: 0x7f805ae14658
  block_cache_name: LRUCache
  block_cache_options:
    capacity : 8388608
    num_shard_bits : 4
    strict_capacity_limit : 0
    memory_allocator : None
    high_pri_pool_ratio: 0.000
  block_cache_compressed: 0x0
  persistent_cache: 0x0
  block_size: 4096
  block_size_deviation: 10
  block_restart_interval: 16
  index_block_restart_interval: 1
  metadata_block_size: 4096
  partition_filters: 0
  use_delta_encoding: 1
  filter_policy: nullptr
  whole_key_filtering: 1
  verify_compression: 0
  read_amp_bytes_per_bit: 0
  format_version: 2
  enable_index_compression: 1
  block_align: 0
2020/05/19-11:59:09.706689 10d53e000        Options.write_buffer_size: 67108864
2020/05/19-11:59:09.706692 10d53e000  Options.max_write_buffer_number: 2
2020/05/19-11:59:09.706694 10d53e000          Options.compression: Snappy
2020/05/19-11:59:09.706696 10d53e000                  Options.bottommost_compression: Disabled
2020/05/19-11:59:09.706698 10d53e000       Options.prefix_extractor: nullptr
2020/05/19-11:59:09.706700 10d53e000   Options.memtable_insert_with_hint_prefix_extractor: nullptr
2020/05/19-11:59:09.706701 10d53e000             Options.num_levels: 7
2020/05/19-11:59:09.706703 10d53e000        Options.min_write_buffer_number_to_merge: 1
2020/05/19-11:59:09.706705 10d53e000     Options.max_write_buffer_number_to_maintain: 2
2020/05/19-11:59:09.706706 10d53e000            Options.bottommost_compression_opts.window_bits: -14
2020/05/19-11:59:09.706708 10d53e000                  Options.bottommost_compression_opts.level: 32767
2020/05/19-11:59:09.706710 10d53e000               Options.bottommost_compression_opts.strategy: 0
2020/05/19-11:59:09.706712 10d53e000         Options.bottommost_compression_opts.max_dict_bytes: 0
2020/05/19-11:59:09.706713 10d53e000         Options.bottommost_compression_opts.zstd_max_train_bytes: 0
2020/05/19-11:59:09.706715 10d53e000                  Options.bottommost_compression_opts.enabled: false
2020/05/19-11:59:09.706717 10d53e000            Options.compression_opts.window_bits: -14
2020/05/19-11:59:09.706719 10d53e000                  Options.compression_opts.level: 32767
2020/05/19-11:59:09.706721 10d53e000               Options.compression_opts.strategy: 0
2020/05/19-11:59:09.706722 10d53e000         Options.compression_opts.max_dict_bytes: 0
2020/05/19-11:59:09.706724 10d53e000         Options.compression_opts.zstd_max_train_bytes: 0
2020/05/19-11:59:09.706726 10d53e000                  Options.compression_opts.enabled: false
2020/05/19-11:59:09.706728 10d53e000      Options.level0_file_num_compaction_trigger: 4
2020/05/19-11:59:09.706729 10d53e000          Options.level0_slowdown_writes_trigger: 20
2020/05/19-11:59:09.706731 10d53e000              Options.level0_stop_writes_trigger: 36
2020/05/19-11:59:09.706733 10d53e000                   Options.target_file_size_base: 67108864
2020/05/19-11:59:09.706735 10d53e000             Options.target_file_size_multiplier: 1
2020/05/19-11:59:09.706737 10d53e000                Options.max_bytes_for_level_base: 268435456
2020/05/19-11:59:09.706739 10d53e000                      Options.snap_refresh_nanos: 0
2020/05/19-11:59:09.706740 10d53e000 Options.level_compaction_dynamic_level_bytes: 0
2020/05/19-11:59:09.706742 10d53e000          Options.max_bytes_for_level_multiplier: 10.000000
2020/05/19-11:59:09.706744 10d53e000 Options.max_bytes_for_level_multiplier_addtl[0]: 1
2020/05/19-11:59:09.706746 10d53e000 Options.max_bytes_for_level_multiplier_addtl[1]: 1
2020/05/19-11:59:09.706748 10d53e000 Options.max_bytes_for_level_multiplier_addtl[2]: 1
2020/05/19-11:59:09.706750 10d53e000 Options.max_bytes_for_level_multiplier_addtl[3]: 1
2020/05/19-11:59:09.706752 10d53e000 Options.max_bytes_for_level_multiplier_addtl[4]: 1
2020/05/19-11:59:09.706753 10d53e000 Options.max_bytes_for_level_multiplier_addtl[5]: 1
2020/05/19-11:59:09.706755 10d53e000 Options.max_bytes_for_level_multiplier_addtl[6]: 1
2020/05/19-11:59:09.706757 10d53e000       Options.max_sequential_skip_in_iterations: 8
2020/05/19-11:59:09.706759 10d53e000                    Options.max_compaction_bytes: 1677721600
2020/05/19-11:59:09.706760 10d53e000                        Options.arena_block_size: 8388608
2020/05/19-11:59:09.706762 10d53e000   Options.soft_pending_compaction_bytes_limit: 68719476736
2020/05/19-11:59:09.706764 10d53e000   Options.hard_pending_compaction_bytes_limit: 274877906944
2020/05/19-11:59:09.706766 10d53e000       Options.rate_limit_delay_max_milliseconds: 100
2020/05/19-11:59:09.706767 10d53e000                Options.disable_auto_compactions: 1
2020/05/19-11:59:09.706770 10d53e000                        Options.compaction_style: kCompactionStyleLevel
2020/05/19-11:59:09.706772 10d53e000                          Options.compaction_pri: kMinOverlappingRatio
2020/05/19-11:59:09.706774 10d53e000 Options.compaction_options_universal.size_ratio: 1
2020/05/19-11:59:09.706776 10d53e000 Options.compaction_options_universal.min_merge_width: 2
2020/05/19-11:59:09.706778 10d53e000 Options.compaction_options_universal.max_merge_width: 4294967295
2020/05/19-11:59:09.706780 10d53e000 Options.compaction_options_universal.max_size_amplification_percent: 200
2020/05/19-11:59:09.706782 10d53e000 Options.compaction_options_universal.compression_size_percent: -1
2020/05/19-11:59:09.706784 10d53e000 Options.compaction_options_universal.stop_style: kCompactionStopStyleTotalSize
2020/05/19-11:59:09.706786 10d53e000 Options.compaction_options_fifo.max_table_files_size: 1073741824
2020/05/19-11:59:09.706788 10d53e000 Options.compaction_options_fifo.allow_compaction: 0
2020/05/19-11:59:09.706790 10d53e000                   Options.table_properties_collectors: 
2020/05/19-11:59:09.706792 10d53e000                   Options.inplace_update_support: 0
2020/05/19-11:59:09.706794 10d53e000                 Options.inplace_update_num_locks: 10000
2020/05/19-11:59:09.706796 10d53e000               Options.memtable_prefix_bloom_size_ratio: 0.000000
2020/05/19-11:59:09.706798 10d53e000               Options.memtable_whole_key_filtering: 0
2020/05/19-11:59:09.706800 10d53e000   Options.memtable_huge_page_size: 0
2020/05/19-11:59:09.706803 10d53e000                           Options.bloom_locality: 0
2020/05/19-11:59:09.706804 10d53e000                    Options.max_successive_merges: 0
2020/05/19-11:59:09.706806 10d53e000                Options.optimize_filters_for_hits: 0
2020/05/19-11:59:09.706808 10d53e000                Options.paranoid_file_checks: 0
2020/05/19-11:59:09.706810 10d53e000                Options.force_consistency_checks: 0
2020/05/19-11:59:09.706812 10d53e000                Options.report_bg_io_stats: 0
2020/05/19-11:59:09.706814 10d53e000                               Options.ttl: 0
2020/05/19-11:59:09.706816 10d53e000          Options.periodic_compaction_seconds: 0
2020/05/19-11:59:09.706862 10d53e000 [lumn_family.cc:481] --------------- Options for column family []:
2020/05/19-11:59:09.706866 10d53e000               Options.comparator: leveldb.BytewiseComparator
2020/05/19-11:59:09.706867 10d53e000           Options.merge_operator: None
2020/05/19-11:59:09.706869 10d53e000        Options.compaction_filter: None
2020/05/19-11:59:09.706871 10d53e000        Options.compaction_filter_factory: None
2020/05/19-11:59:09.706873 10d53e000         Options.memtable_factory: SkipListFactory
2020/05/19-11:59:09.706875 10d53e000            Options.table_factory: BlockBasedTable
2020/05/19-11:59:09.706894 10d53e000            table_factory options:   flush_block_policy_factory: FlushBlockBySizePolicyFactory (0x7f805ae157d0)
  cache_index_and_filter_blocks: 0
  cache_index_and_filter_blocks_with_high_priority: 1
  pin_l0_filter_and_index_blocks_in_cache: 0
  pin_top_level_index_and_filter: 1
  index_type: 0
  data_block_index_type: 0
  index_shortening: 1
  data_block_hash_table_util_ratio: 0.750000
  hash_index_allow_collision: 1
  checksum: 1
  no_block_cache: 0
  block_cache: 0x7f805ae15818
  block_cache_name: LRUCache
  block_cache_options:
    capacity : 8388608
    num_shard_bits : 4
    strict_capacity_limit : 0
    memory_allocator : None
    high_pri_pool_ratio: 0.000
  block_cache_compressed: 0x0
  persistent_cache: 0x0
  block_size: 4096
  block_size_deviation: 10
  block_restart_interval: 16
  index_block_restart_interval: 1
  metadata_block_size: 4096
  partition_filters: 0
  use_delta_encoding: 1
  filter_policy: nullptr
  whole_key_filtering: 1
  verify_compression: 0
  read_amp_bytes_per_bit: 0
  format_version: 2
  enable_index_compression: 1
  block_align: 0
2020/05/19-11:59:09.706897 10d53e000        Options.write_buffer_size: 67108864
2020/05/19-11:59:09.706899 10d53e000  Options.max_write_buffer_number: 2
2020/05/19-11:59:09.706901 10d53e000          Options.compression: Snappy
2020/05/19-11:59:09.706903 10d53e000                  Options.bottommost_compression: Disabled
2020/05/19-11:59:09.706905 10d53e000       Options.prefix_extractor: nullptr
2020/05/19-11:59:09.706907 10d53e000   Options.memtable_insert_with_hint_prefix_extractor: nullptr
2020/05/19-11:59:09.706908 10d53e000             Options.num_levels: 7
2020/05/19-11:59:09.706910 10d53e000        Options.min_write_buffer_number_to_merge: 1
2020/05/19-11:59:09.706912 10d53e000     Options.max_write_buffer_number_to_maintain: 2
2020/05/19-11:59:09.706914 10d53e000            Options.bottommost_compression_opts.window_bits: -14
2020/05/19-11:59:09.706916 10d53e000                  Options.bottommost_compression_opts.level: 32767
2020/05/19-11:59:09.706918 10d53e000               Options.bottommost_compression_opts.strategy: 0
2020/05/19-11:59:09.706920 10d53e000         Options.bottommost_compression_opts.max_dict_bytes: 0
2020/05/19-11:59:09.706922 10d53e000         Options.bottommost_compression_opts.zstd_max_train_bytes: 0
2020/05/19-11:59:09.706924 10d53e000                  Options.bottommost_compression_opts.enabled: false
2020/05/19-11:59:09.706926 10d53e000            Options.compression_opts.window_bits: -14
2020/05/19-11:59:09.706927 10d53e000                  Options.compression_opts.level: 32767
2020/05/19-11:59:09.706929 10d53e000               Options.compression_opts.strategy: 0
2020/05/19-11:59:09.706931 10d53e000         Options.compression_opts.max_dict_bytes: 0
2020/05/19-11:59:09.706933 10d53e000         Options.compression_opts.zstd_max_train_bytes: 0
2020/05/19-11:59:09.706934 10d53e000                  Options.compression_opts.enabled: false
2020/05/19-11:59:09.706936 10d53e000      Options.level0_file_num_compaction_trigger: 4
2020/05/19-11:59:09.706938 10d53e000          Options.level0_slowdown_writes_trigger: 20
2020/05/19-11:59:09.706940 10d53e000              Options.level0_stop_writes_trigger: 36
2020/05/19-11:59:09.706942 10d53e000                   Options.target_file_size_base: 67108864
2020/05/19-11:59:09.706943 10d53e000             Options.target_file_size_multiplier: 1
2020/05/19-11:59:09.706945 10d53e000                Options.max_bytes_for_level_base: 268435456
2020/05/19-11:59:09.706947 10d53e000                      Options.snap_refresh_nanos: 0
2020/05/19-11:59:09.706949 10d53e000 Options.level_compaction_dynamic_level_bytes: 0
2020/05/19-11:59:09.706950 10d53e000          Options.max_bytes_for_level_multiplier: 10.000000
2020/05/19-11:59:09.706953 10d53e000 Options.max_bytes_for_level_multiplier_addtl[0]: 1
2020/05/19-11:59:09.706955 10d53e000 Options.max_bytes_for_level_multiplier_addtl[1]: 1
2020/05/19-11:59:09.706957 10d53e000 Options.max_bytes_for_level_multiplier_addtl[2]: 1
2020/05/19-11:59:09.706959 10d53e000 Options.max_bytes_for_level_multiplier_addtl[3]: 1
2020/05/19-11:59:09.706960 10d53e000 Options.max_bytes_for_level_multiplier_addtl[4]: 1
2020/05/19-11:59:09.706962 10d53e000 Options.max_bytes_for_level_multiplier_addtl[5]: 1
2020/05/19-11:59:09.706964 10d53e000 Options.max_bytes_for_level_multiplier_addtl[6]: 1
2020/05/19-11:59:09.706966 10d53e000       Options.max_sequential_skip_in_iterations: 8
2020/05/19-11:59:09.706968 10d53e000                    Options.max_compaction_bytes: 1677721600
2020/05/19-11:59:09.706970 10d53e000                        Options.arena_block_size: 8388608
2020/05/19-11:59:09.706972 10d53e000   Options.soft_pending_compaction_bytes_limit: 68719476736
2020/05/19-11:59:09.706975 10d53e000   Options.hard_pending_compaction_bytes_limit: 274877906944
2020/05/19-11:59:09.706977 10d53e000       Options.rate_limit_delay_max_milliseconds: 100
2020/05/19-11:59:09.706979 10d53e000                Options.disable_auto_compactions: 1
2020/05/19-11:59:09.706981 10d53e000                        Options.compaction_style: kCompactionStyleLevel
2020/05/19-11:59:09.706983 10d53e000                          Options.compaction_pri: kMinOverlappingRatio
2020/05/19-11:59:09.706985 10d53e000 Options.compaction_options_universal.size_ratio: 1
2020/05/19-11:59:09.706987 10d53e000 Options.compaction_options_universal.min_merge_width: 2
2020/05/19-11:59:09.706989 10d53e000 Options.compaction_options_universal.max_merge_width: 4294967295
2020/05/19-11:59:09.706991 10d53e000 Options.compaction_options_universal.max_size_amplification_percent: 200
2020/05/19-11:59:09.706993 10d53e000 Options.compaction_options_universal.compression_size_percent: -1
2020/05/19-11:59:09.706996 10d53e000 Options.compaction_options_universal.stop_style: kCompactionStopStyleTotalSize
2020/05/19-11:59:09.706998 10d53e000 Options.compaction_options_fifo.max_table_files_size: 1073741824
2020/05/19-11:59:09.707000 10d53e000 Options.compaction_options_fifo.allow_compaction: 0
2020/05/19-11:59:09.707002 10d53e000                   Options.table_properties_collectors: 
2020/05/19-11:59:09.707004 10d53e000                   Options.inplace_update_support: 0
2020/05/19-11:59:09.707006 10d53e000                 Options.inplace_update_num_locks: 10000
2020/05/19-11:59:09.707008 10d53e000               Options.memtable_prefix_bloom_size_ratio: 0.000000
2020/05/19-11:59:09.707010 10d53e000               Options.memtable_whole_key_filtering: 0
2020/05/19-11:59:09.707012 10d53e000   Options.memtable_huge_page_size: 0
2020/05/19-11:59:09.707014 10d53e000                           Options.bloom_locality: 0
2020/05/19-11:59:09.707016 10d53e000                    Options.max_successive_merges: 0
2020/05/19-11:59:09.707017 10d53e000                Options.optimize_filters_for_hits: 0
2020/05/19-11:59:09.707019 10d53e000                Options.paranoid_file_checks: 0
2020/05/19-11:59:09.707021 10d53e000                Options.force_consistency_checks: 0
2020/05/19-11:59:09.707023 10d53e000                Options.report_bg_io_stats: 0
2020/05/19-11:59:09.707025 10d53e000                               Options.ttl: 0
2020/05/19-11:59:09.707027 10d53e000          Options.periodic_compaction_seconds: 0
