2020/05/19-11:50:15.307370 10c365000 RocksDB version: 6.4.6
2020/05/19-11:50:15.307500 10c365000 Git sha rocksdb_build_git_sha:e3169e3ea8762d2f34880742106858a23c8dc8b7
2020/05/19-11:50:15.307506 10c365000 Compile date Nov 24 2019
2020/05/19-11:50:15.307513 10c365000 DB SUMMARY
2020/05/19-11:50:15.307665 10c365000 CURRENT file:  CURRENT
2020/05/19-11:50:15.307669 10c365000 IDENTITY file:  IDENTITY
2020/05/19-11:50:15.307681 10c365000 MANIFEST file:  MANIFEST-000062 size: 1007 Bytes
2020/05/19-11:50:15.307685 10c365000 SST files in /Users/Happpyyyyyyy/PIR/IBFT-Network/Node-2/data/database dir, Total Num: 6, files: 000029.sst 000030.sst 000046.sst 000047.sst 000063.sst 000064.sst 
2020/05/19-11:50:15.307688 10c365000 Write Ahead Log file in /Users/Happpyyyyyyy/PIR/IBFT-Network/Node-2/data/database: 000003.log size: 39419 ; 000031.log size: 140983 ; 000048.log size: 647098 ; 000065.log size: 616 ; 
2020/05/19-11:50:15.307691 10c365000                         Options.error_if_exists: 0
2020/05/19-11:50:15.307698 10c365000                       Options.create_if_missing: 1
2020/05/19-11:50:15.307700 10c365000                         Options.paranoid_checks: 1
2020/05/19-11:50:15.307701 10c365000                                     Options.env: 0x12eee10d0
2020/05/19-11:50:15.307703 10c365000                                Options.info_log: 0x7f951745a920
2020/05/19-11:50:15.307705 10c365000                Options.max_file_opening_threads: 16
2020/05/19-11:50:15.307706 10c365000                              Options.statistics: 0x7f9517555530
2020/05/19-11:50:15.307708 10c365000                               Options.use_fsync: 0
2020/05/19-11:50:15.307713 10c365000                       Options.max_log_file_size: 0
2020/05/19-11:50:15.307715 10c365000                  Options.max_manifest_file_size: 1073741824
2020/05/19-11:50:15.307717 10c365000                   Options.log_file_time_to_roll: 0
2020/05/19-11:50:15.307719 10c365000                       Options.keep_log_file_num: 1000
2020/05/19-11:50:15.307721 10c365000                    Options.recycle_log_file_num: 0
2020/05/19-11:50:15.307722 10c365000                         Options.allow_fallocate: 1
2020/05/19-11:50:15.307724 10c365000                        Options.allow_mmap_reads: 0
2020/05/19-11:50:15.307726 10c365000                       Options.allow_mmap_writes: 0
2020/05/19-11:50:15.307728 10c365000                        Options.use_direct_reads: 0
2020/05/19-11:50:15.307730 10c365000                        Options.use_direct_io_for_flush_and_compaction: 0
2020/05/19-11:50:15.307732 10c365000          Options.create_missing_column_families: 1
2020/05/19-11:50:15.307734 10c365000                              Options.db_log_dir: 
2020/05/19-11:50:15.307736 10c365000                                 Options.wal_dir: /Users/Happpyyyyyyy/PIR/IBFT-Network/Node-2/data/database
2020/05/19-11:50:15.307738 10c365000                Options.table_cache_numshardbits: 6
2020/05/19-11:50:15.307740 10c365000                      Options.max_subcompactions: 1
2020/05/19-11:50:15.307742 10c365000                  Options.max_background_flushes: -1
2020/05/19-11:50:15.307744 10c365000                         Options.WAL_ttl_seconds: 0
2020/05/19-11:50:15.307746 10c365000                       Options.WAL_size_limit_MB: 0
2020/05/19-11:50:15.307747 10c365000             Options.manifest_preallocation_size: 4194304
2020/05/19-11:50:15.307749 10c365000                     Options.is_fd_close_on_exec: 1
2020/05/19-11:50:15.307751 10c365000                   Options.advise_random_on_open: 1
2020/05/19-11:50:15.307753 10c365000                    Options.db_write_buffer_size: 0
2020/05/19-11:50:15.307755 10c365000                    Options.write_buffer_manager: 0x7f951745acc0
2020/05/19-11:50:15.307757 10c365000         Options.access_hint_on_compaction_start: 1
2020/05/19-11:50:15.307759 10c365000  Options.new_table_reader_for_compaction_inputs: 0
2020/05/19-11:50:15.307761 10c365000           Options.random_access_max_buffer_size: 1048576
2020/05/19-11:50:15.307762 10c365000                      Options.use_adaptive_mutex: 0
2020/05/19-11:50:15.307764 10c365000                            Options.rate_limiter: 0x0
2020/05/19-11:50:15.307766 10c365000     Options.sst_file_manager.rate_bytes_per_sec: 0
2020/05/19-11:50:15.307768 10c365000                       Options.wal_recovery_mode: 2
2020/05/19-11:50:15.307770 10c365000                  Options.enable_thread_tracking: 0
2020/05/19-11:50:15.307772 10c365000                  Options.enable_pipelined_write: 0
2020/05/19-11:50:15.307773 10c365000                  Options.unordered_write: 0
2020/05/19-11:50:15.307775 10c365000         Options.allow_concurrent_memtable_write: 1
2020/05/19-11:50:15.307777 10c365000      Options.enable_write_thread_adaptive_yield: 1
2020/05/19-11:50:15.307779 10c365000             Options.write_thread_max_yield_usec: 100
2020/05/19-11:50:15.307781 10c365000            Options.write_thread_slow_yield_usec: 3
2020/05/19-11:50:15.307782 10c365000                               Options.row_cache: None
2020/05/19-11:50:15.307784 10c365000                              Options.wal_filter: None
2020/05/19-11:50:15.307786 10c365000             Options.avoid_flush_during_recovery: 0
2020/05/19-11:50:15.307788 10c365000             Options.allow_ingest_behind: 0
2020/05/19-11:50:15.307789 10c365000             Options.preserve_deletes: 0
2020/05/19-11:50:15.307791 10c365000             Options.two_write_queues: 0
2020/05/19-11:50:15.307793 10c365000             Options.manual_wal_flush: 0
2020/05/19-11:50:15.307795 10c365000             Options.atomic_flush: 0
2020/05/19-11:50:15.307797 10c365000             Options.avoid_unnecessary_blocking_io: 0
2020/05/19-11:50:15.307799 10c365000                 Options.persist_stats_to_disk: 0
2020/05/19-11:50:15.307801 10c365000                 Options.log_readahead_size: 0
2020/05/19-11:50:15.307803 10c365000             Options.max_background_jobs: 2
2020/05/19-11:50:15.307805 10c365000             Options.max_background_compactions: 4
2020/05/19-11:50:15.307806 10c365000             Options.avoid_flush_during_shutdown: 0
2020/05/19-11:50:15.307808 10c365000           Options.writable_file_max_buffer_size: 1048576
2020/05/19-11:50:15.307810 10c365000             Options.delayed_write_rate : 16777216
2020/05/19-11:50:15.307812 10c365000             Options.max_total_wal_size: 0
2020/05/19-11:50:15.307814 10c365000             Options.delete_obsolete_files_period_micros: 21600000000
2020/05/19-11:50:15.307816 10c365000                   Options.stats_dump_period_sec: 600
2020/05/19-11:50:15.307818 10c365000                 Options.stats_persist_period_sec: 600
2020/05/19-11:50:15.307820 10c365000                 Options.stats_history_buffer_size: 1048576
2020/05/19-11:50:15.307821 10c365000                          Options.max_open_files: 1024
2020/05/19-11:50:15.307823 10c365000                          Options.bytes_per_sync: 0
2020/05/19-11:50:15.307825 10c365000                      Options.wal_bytes_per_sync: 0
2020/05/19-11:50:15.307827 10c365000                   Options.strict_bytes_per_sync: 0
2020/05/19-11:50:15.307828 10c365000       Options.compaction_readahead_size: 0
2020/05/19-11:50:15.307830 10c365000 Compression algorithms supported:
2020/05/19-11:50:15.307837 10c365000 	kZSTD supported: 1
2020/05/19-11:50:15.307840 10c365000 	kZlibCompression supported: 1
2020/05/19-11:50:15.307843 10c365000 	kXpressCompression supported: 0
2020/05/19-11:50:15.307844 10c365000 	kSnappyCompression supported: 1
2020/05/19-11:50:15.307846 10c365000 	kZSTDNotFinalCompression supported: 1
2020/05/19-11:50:15.307848 10c365000 	kLZ4HCCompression supported: 1
2020/05/19-11:50:15.307850 10c365000 	kLZ4Compression supported: 1
2020/05/19-11:50:15.307852 10c365000 	kBZip2Compression supported: 1
2020/05/19-11:50:15.307860 10c365000 Fast CRC32 supported: Not supported on x86
2020/05/19-11:50:15.308430 10c365000 [rsion_set.cc:4252] Recovering from manifest file: /Users/Happpyyyyyyy/PIR/IBFT-Network/Node-2/data/database/MANIFEST-000062
2020/05/19-11:50:15.308538 10c365000 [lumn_family.cc:481] --------------- Options for column family [default]:
2020/05/19-11:50:15.308543 10c365000               Options.comparator: leveldb.BytewiseComparator
2020/05/19-11:50:15.308545 10c365000           Options.merge_operator: None
2020/05/19-11:50:15.308547 10c365000        Options.compaction_filter: None
2020/05/19-11:50:15.308549 10c365000        Options.compaction_filter_factory: None
2020/05/19-11:50:15.308551 10c365000         Options.memtable_factory: SkipListFactory
2020/05/19-11:50:15.308553 10c365000            Options.table_factory: BlockBasedTable
2020/05/19-11:50:15.308586 10c365000            table_factory options:   flush_block_policy_factory: FlushBlockBySizePolicyFactory (0x7f95173ae4f0)
  cache_index_and_filter_blocks: 0
  cache_index_and_filter_blocks_with_high_priority: 0
  pin_l0_filter_and_index_blocks_in_cache: 0
  pin_top_level_index_and_filter: 1
  index_type: 0
  data_block_index_type: 0
  index_shortening: 1
  data_block_hash_table_util_ratio: 0.750000
  hash_index_allow_collision: 1
  checksum: 1
  no_block_cache: 0
  block_cache: 0x7f95173adc58
  block_cache_name: LRUCache
  block_cache_options:
    capacity : 8388608
    num_shard_bits : 4
    strict_capacity_limit : 0
    memory_allocator : None
    high_pri_pool_ratio: 0.000
  block_cache_compressed: 0x0
  persistent_cache: 0x0
  block_size: 4096
  block_size_deviation: 10
  block_restart_interval: 16
  index_block_restart_interval: 1
  metadata_block_size: 4096
  partition_filters: 0
  use_delta_encoding: 1
  filter_policy: nullptr
  whole_key_filtering: 1
  verify_compression: 1
  read_amp_bytes_per_bit: 0
  format_version: 2
  enable_index_compression: 1
  block_align: 0
2020/05/19-11:50:15.308589 10c365000        Options.write_buffer_size: 67108864
2020/05/19-11:50:15.308591 10c365000  Options.max_write_buffer_number: 2
2020/05/19-11:50:15.308593 10c365000          Options.compression: Snappy
2020/05/19-11:50:15.308595 10c365000                  Options.bottommost_compression: Disabled
2020/05/19-11:50:15.308597 10c365000       Options.prefix_extractor: nullptr
2020/05/19-11:50:15.308598 10c365000   Options.memtable_insert_with_hint_prefix_extractor: nullptr
2020/05/19-11:50:15.308600 10c365000             Options.num_levels: 7
2020/05/19-11:50:15.308602 10c365000        Options.min_write_buffer_number_to_merge: 1
2020/05/19-11:50:15.308604 10c365000     Options.max_write_buffer_number_to_maintain: 2
2020/05/19-11:50:15.308606 10c365000            Options.bottommost_compression_opts.window_bits: -14
2020/05/19-11:50:15.308608 10c365000                  Options.bottommost_compression_opts.level: 32767
2020/05/19-11:50:15.308614 10c365000               Options.bottommost_compression_opts.strategy: 0
2020/05/19-11:50:15.308616 10c365000         Options.bottommost_compression_opts.max_dict_bytes: 0
2020/05/19-11:50:15.308619 10c365000         Options.bottommost_compression_opts.zstd_max_train_bytes: 0
2020/05/19-11:50:15.308621 10c365000                  Options.bottommost_compression_opts.enabled: false
2020/05/19-11:50:15.308623 10c365000            Options.compression_opts.window_bits: -14
2020/05/19-11:50:15.308625 10c365000                  Options.compression_opts.level: 32767
2020/05/19-11:50:15.308627 10c365000               Options.compression_opts.strategy: 0
2020/05/19-11:50:15.308629 10c365000         Options.compression_opts.max_dict_bytes: 0
2020/05/19-11:50:15.308631 10c365000         Options.compression_opts.zstd_max_train_bytes: 0
2020/05/19-11:50:15.308633 10c365000                  Options.compression_opts.enabled: false
2020/05/19-11:50:15.308635 10c365000      Options.level0_file_num_compaction_trigger: 4
2020/05/19-11:50:15.308637 10c365000          Options.level0_slowdown_writes_trigger: 20
2020/05/19-11:50:15.308639 10c365000              Options.level0_stop_writes_trigger: 36
2020/05/19-11:50:15.308641 10c365000                   Options.target_file_size_base: 67108864
2020/05/19-11:50:15.308643 10c365000             Options.target_file_size_multiplier: 1
2020/05/19-11:50:15.308645 10c365000                Options.max_bytes_for_level_base: 268435456
2020/05/19-11:50:15.308647 10c365000                      Options.snap_refresh_nanos: 0
2020/05/19-11:50:15.308649 10c365000 Options.level_compaction_dynamic_level_bytes: 0
2020/05/19-11:50:15.308651 10c365000          Options.max_bytes_for_level_multiplier: 10.000000
2020/05/19-11:50:15.308653 10c365000 Options.max_bytes_for_level_multiplier_addtl[0]: 1
2020/05/19-11:50:15.308655 10c365000 Options.max_bytes_for_level_multiplier_addtl[1]: 1
2020/05/19-11:50:15.308657 10c365000 Options.max_bytes_for_level_multiplier_addtl[2]: 1
2020/05/19-11:50:15.308659 10c365000 Options.max_bytes_for_level_multiplier_addtl[3]: 1
2020/05/19-11:50:15.308661 10c365000 Options.max_bytes_for_level_multiplier_addtl[4]: 1
2020/05/19-11:50:15.308663 10c365000 Options.max_bytes_for_level_multiplier_addtl[5]: 1
2020/05/19-11:50:15.308665 10c365000 Options.max_bytes_for_level_multiplier_addtl[6]: 1
2020/05/19-11:50:15.308667 10c365000       Options.max_sequential_skip_in_iterations: 8
2020/05/19-11:50:15.308669 10c365000                    Options.max_compaction_bytes: 1677721600
2020/05/19-11:50:15.308670 10c365000                        Options.arena_block_size: 8388608
2020/05/19-11:50:15.308672 10c365000   Options.soft_pending_compaction_bytes_limit: 68719476736
2020/05/19-11:50:15.308674 10c365000   Options.hard_pending_compaction_bytes_limit: 274877906944
2020/05/19-11:50:15.308676 10c365000       Options.rate_limit_delay_max_milliseconds: 100
2020/05/19-11:50:15.308678 10c365000                Options.disable_auto_compactions: 1
2020/05/19-11:50:15.308681 10c365000                        Options.compaction_style: kCompactionStyleLevel
2020/05/19-11:50:15.308683 10c365000                          Options.compaction_pri: kMinOverlappingRatio
2020/05/19-11:50:15.308685 10c365000 Options.compaction_options_universal.size_ratio: 1
2020/05/19-11:50:15.308687 10c365000 Options.compaction_options_universal.min_merge_width: 2
2020/05/19-11:50:15.308689 10c365000 Options.compaction_options_universal.max_merge_width: 4294967295
2020/05/19-11:50:15.308691 10c365000 Options.compaction_options_universal.max_size_amplification_percent: 200
2020/05/19-11:50:15.308693 10c365000 Options.compaction_options_universal.compression_size_percent: -1
2020/05/19-11:50:15.308696 10c365000 Options.compaction_options_universal.stop_style: kCompactionStopStyleTotalSize
2020/05/19-11:50:15.308698 10c365000 Options.compaction_options_fifo.max_table_files_size: 1073741824
2020/05/19-11:50:15.308700 10c365000 Options.compaction_options_fifo.allow_compaction: 0
2020/05/19-11:50:15.308701 10c365000                   Options.table_properties_collectors: 
2020/05/19-11:50:15.308703 10c365000                   Options.inplace_update_support: 0
2020/05/19-11:50:15.308705 10c365000                 Options.inplace_update_num_locks: 10000
2020/05/19-11:50:15.308713 10c365000               Options.memtable_prefix_bloom_size_ratio: 0.000000
2020/05/19-11:50:15.308716 10c365000               Options.memtable_whole_key_filtering: 0
2020/05/19-11:50:15.308718 10c365000   Options.memtable_huge_page_size: 0
2020/05/19-11:50:15.308720 10c365000                           Options.bloom_locality: 0
2020/05/19-11:50:15.308722 10c365000                    Options.max_successive_merges: 0
2020/05/19-11:50:15.308724 10c365000                Options.optimize_filters_for_hits: 0
2020/05/19-11:50:15.308726 10c365000                Options.paranoid_file_checks: 0
2020/05/19-11:50:15.308728 10c365000                Options.force_consistency_checks: 0
2020/05/19-11:50:15.308730 10c365000                Options.report_bg_io_stats: 0
2020/05/19-11:50:15.308732 10c365000                               Options.ttl: 0
2020/05/19-11:50:15.308733 10c365000          Options.periodic_compaction_seconds: 0
2020/05/19-11:50:15.309057 10c365000 [lumn_family.cc:481] --------------- Options for column family []:
2020/05/19-11:50:15.309062 10c365000               Options.comparator: leveldb.BytewiseComparator
2020/05/19-11:50:15.309063 10c365000           Options.merge_operator: None
2020/05/19-11:50:15.309064 10c365000        Options.compaction_filter: None
2020/05/19-11:50:15.309065 10c365000        Options.compaction_filter_factory: None
2020/05/19-11:50:15.309067 10c365000         Options.memtable_factory: SkipListFactory
2020/05/19-11:50:15.309068 10c365000            Options.table_factory: BlockBasedTable
2020/05/19-11:50:15.309083 10c365000            table_factory options:   flush_block_policy_factory: FlushBlockBySizePolicyFactory (0x7f951739ba80)
  cache_index_and_filter_blocks: 0
  cache_index_and_filter_blocks_with_high_priority: 1
  pin_l0_filter_and_index_blocks_in_cache: 0
  pin_top_level_index_and_filter: 1
  index_type: 0
  data_block_index_type: 0
  index_shortening: 1
  data_block_hash_table_util_ratio: 0.750000
  hash_index_allow_collision: 1
  checksum: 1
  no_block_cache: 0
  block_cache: 0x7f95173a8b58
  block_cache_name: LRUCache
  block_cache_options:
    capacity : 8388608
    num_shard_bits : 4
    strict_capacity_limit : 0
    memory_allocator : None
    high_pri_pool_ratio: 0.000
  block_cache_compressed: 0x0
  persistent_cache: 0x0
  block_size: 4096
  block_size_deviation: 10
  block_restart_interval: 16
  index_block_restart_interval: 1
  metadata_block_size: 4096
  partition_filters: 0
  use_delta_encoding: 1
  filter_policy: nullptr
  whole_key_filtering: 1
  verify_compression: 0
  read_amp_bytes_per_bit: 0
  format_version: 2
  enable_index_compression: 1
  block_align: 0
2020/05/19-11:50:15.309085 10c365000        Options.write_buffer_size: 67108864
2020/05/19-11:50:15.309086 10c365000  Options.max_write_buffer_number: 2
2020/05/19-11:50:15.309087 10c365000          Options.compression: Snappy
2020/05/19-11:50:15.309088 10c365000                  Options.bottommost_compression: Disabled
2020/05/19-11:50:15.309089 10c365000       Options.prefix_extractor: nullptr
2020/05/19-11:50:15.309090 10c365000   Options.memtable_insert_with_hint_prefix_extractor: nullptr
2020/05/19-11:50:15.309091 10c365000             Options.num_levels: 7
2020/05/19-11:50:15.309092 10c365000        Options.min_write_buffer_number_to_merge: 1
2020/05/19-11:50:15.309093 10c365000     Options.max_write_buffer_number_to_maintain: 2
2020/05/19-11:50:15.309094 10c365000            Options.bottommost_compression_opts.window_bits: -14
2020/05/19-11:50:15.309095 10c365000                  Options.bottommost_compression_opts.level: 32767
2020/05/19-11:50:15.309097 10c365000               Options.bottommost_compression_opts.strategy: 0
2020/05/19-11:50:15.309098 10c365000         Options.bottommost_compression_opts.max_dict_bytes: 0
2020/05/19-11:50:15.309099 10c365000         Options.bottommost_compression_opts.zstd_max_train_bytes: 0
2020/05/19-11:50:15.309100 10c365000                  Options.bottommost_compression_opts.enabled: false
2020/05/19-11:50:15.309101 10c365000            Options.compression_opts.window_bits: -14
2020/05/19-11:50:15.309102 10c365000                  Options.compression_opts.level: 32767
2020/05/19-11:50:15.309103 10c365000               Options.compression_opts.strategy: 0
2020/05/19-11:50:15.309104 10c365000         Options.compression_opts.max_dict_bytes: 0
2020/05/19-11:50:15.309105 10c365000         Options.compression_opts.zstd_max_train_bytes: 0
2020/05/19-11:50:15.309106 10c365000                  Options.compression_opts.enabled: false
2020/05/19-11:50:15.309107 10c365000      Options.level0_file_num_compaction_trigger: 4
2020/05/19-11:50:15.309108 10c365000          Options.level0_slowdown_writes_trigger: 20
2020/05/19-11:50:15.309109 10c365000              Options.level0_stop_writes_trigger: 36
2020/05/19-11:50:15.309110 10c365000                   Options.target_file_size_base: 67108864
2020/05/19-11:50:15.309111 10c365000             Options.target_file_size_multiplier: 1
2020/05/19-11:50:15.309112 10c365000                Options.max_bytes_for_level_base: 268435456
2020/05/19-11:50:15.309113 10c365000                      Options.snap_refresh_nanos: 0
2020/05/19-11:50:15.309114 10c365000 Options.level_compaction_dynamic_level_bytes: 0
2020/05/19-11:50:15.309115 10c365000          Options.max_bytes_for_level_multiplier: 10.000000
2020/05/19-11:50:15.309117 10c365000 Options.max_bytes_for_level_multiplier_addtl[0]: 1
2020/05/19-11:50:15.309118 10c365000 Options.max_bytes_for_level_multiplier_addtl[1]: 1
2020/05/19-11:50:15.309119 10c365000 Options.max_bytes_for_level_multiplier_addtl[2]: 1
2020/05/19-11:50:15.309120 10c365000 Options.max_bytes_for_level_multiplier_addtl[3]: 1
2020/05/19-11:50:15.309121 10c365000 Options.max_bytes_for_level_multiplier_addtl[4]: 1
2020/05/19-11:50:15.309122 10c365000 Options.max_bytes_for_level_multiplier_addtl[5]: 1
2020/05/19-11:50:15.309123 10c365000 Options.max_bytes_for_level_multiplier_addtl[6]: 1
2020/05/19-11:50:15.309124 10c365000       Options.max_sequential_skip_in_iterations: 8
2020/05/19-11:50:15.309125 10c365000                    Options.max_compaction_bytes: 1677721600
2020/05/19-11:50:15.309126 10c365000                        Options.arena_block_size: 8388608
2020/05/19-11:50:15.309127 10c365000   Options.soft_pending_compaction_bytes_limit: 68719476736
2020/05/19-11:50:15.309128 10c365000   Options.hard_pending_compaction_bytes_limit: 274877906944
2020/05/19-11:50:15.309129 10c365000       Options.rate_limit_delay_max_milliseconds: 100
2020/05/19-11:50:15.309130 10c365000                Options.disable_auto_compactions: 1
2020/05/19-11:50:15.309132 10c365000                        Options.compaction_style: kCompactionStyleLevel
2020/05/19-11:50:15.309133 10c365000                          Options.compaction_pri: kMinOverlappingRatio
2020/05/19-11:50:15.309134 10c365000 Options.compaction_options_universal.size_ratio: 1
2020/05/19-11:50:15.309135 10c365000 Options.compaction_options_universal.min_merge_width: 2
2020/05/19-11:50:15.309136 10c365000 Options.compaction_options_universal.max_merge_width: 4294967295
2020/05/19-11:50:15.309137 10c365000 Options.compaction_options_universal.max_size_amplification_percent: 200
2020/05/19-11:50:15.309138 10c365000 Options.compaction_options_universal.compression_size_percent: -1
2020/05/19-11:50:15.309139 10c365000 Options.compaction_options_universal.stop_style: kCompactionStopStyleTotalSize
2020/05/19-11:50:15.309140 10c365000 Options.compaction_options_fifo.max_table_files_size: 1073741824
2020/05/19-11:50:15.309141 10c365000 Options.compaction_options_fifo.allow_compaction: 0
2020/05/19-11:50:15.309142 10c365000                   Options.table_properties_collectors: 
2020/05/19-11:50:15.309143 10c365000                   Options.inplace_update_support: 0
2020/05/19-11:50:15.309144 10c365000                 Options.inplace_update_num_locks: 10000
2020/05/19-11:50:15.309146 10c365000               Options.memtable_prefix_bloom_size_ratio: 0.000000
2020/05/19-11:50:15.309147 10c365000               Options.memtable_whole_key_filtering: 0
2020/05/19-11:50:15.309148 10c365000   Options.memtable_huge_page_size: 0
2020/05/19-11:50:15.309149 10c365000                           Options.bloom_locality: 0
2020/05/19-11:50:15.309150 10c365000                    Options.max_successive_merges: 0
2020/05/19-11:50:15.309151 10c365000                Options.optimize_filters_for_hits: 0
2020/05/19-11:50:15.309152 10c365000                Options.paranoid_file_checks: 0
2020/05/19-11:50:15.309153 10c365000                Options.force_consistency_checks: 0
2020/05/19-11:50:15.309154 10c365000                Options.report_bg_io_stats: 0
2020/05/19-11:50:15.309155 10c365000                               Options.ttl: 0
2020/05/19-11:50:15.309156 10c365000          Options.periodic_compaction_seconds: 0
2020/05/19-11:50:15.309193 10c365000 [lumn_family.cc:481] --------------- Options for column family []:
2020/05/19-11:50:15.309196 10c365000               Options.comparator: leveldb.BytewiseComparator
2020/05/19-11:50:15.309197 10c365000           Options.merge_operator: None
2020/05/19-11:50:15.309198 10c365000        Options.compaction_filter: None
2020/05/19-11:50:15.309199 10c365000        Options.compaction_filter_factory: None
2020/05/19-11:50:15.309200 10c365000         Options.memtable_factory: SkipListFactory
2020/05/19-11:50:15.309201 10c365000            Options.table_factory: BlockBasedTable
2020/05/19-11:50:15.309213 10c365000            table_factory options:   flush_block_policy_factory: FlushBlockBySizePolicyFactory (0x7f95173a9880)
  cache_index_and_filter_blocks: 0
  cache_index_and_filter_blocks_with_high_priority: 1
  pin_l0_filter_and_index_blocks_in_cache: 0
  pin_top_level_index_and_filter: 1
  index_type: 0
  data_block_index_type: 0
  index_shortening: 1
  data_block_hash_table_util_ratio: 0.750000
  hash_index_allow_collision: 1
  checksum: 1
  no_block_cache: 0
  block_cache: 0x7f95173a98c8
  block_cache_name: LRUCache
  block_cache_options:
    capacity : 8388608
    num_shard_bits : 4
    strict_capacity_limit : 0
    memory_allocator : None
    high_pri_pool_ratio: 0.000
  block_cache_compressed: 0x0
  persistent_cache: 0x0
  block_size: 4096
  block_size_deviation: 10
  block_restart_interval: 16
  index_block_restart_interval: 1
  metadata_block_size: 4096
  partition_filters: 0
  use_delta_encoding: 1
  filter_policy: nullptr
  whole_key_filtering: 1
  verify_compression: 0
  read_amp_bytes_per_bit: 0
  format_version: 2
  enable_index_compression: 1
  block_align: 0
2020/05/19-11:50:15.309215 10c365000        Options.write_buffer_size: 67108864
2020/05/19-11:50:15.309216 10c365000  Options.max_write_buffer_number: 2
2020/05/19-11:50:15.309217 10c365000          Options.compression: Snappy
2020/05/19-11:50:15.309218 10c365000                  Options.bottommost_compression: Disabled
2020/05/19-11:50:15.309219 10c365000       Options.prefix_extractor: nullptr
2020/05/19-11:50:15.309220 10c365000   Options.memtable_insert_with_hint_prefix_extractor: nullptr
2020/05/19-11:50:15.309221 10c365000             Options.num_levels: 7
2020/05/19-11:50:15.309222 10c365000        Options.min_write_buffer_number_to_merge: 1
2020/05/19-11:50:15.309223 10c365000     Options.max_write_buffer_number_to_maintain: 2
2020/05/19-11:50:15.309224 10c365000            Options.bottommost_compression_opts.window_bits: -14
2020/05/19-11:50:15.309225 10c365000                  Options.bottommost_compression_opts.level: 32767
2020/05/19-11:50:15.309226 10c365000               Options.bottommost_compression_opts.strategy: 0
2020/05/19-11:50:15.309227 10c365000         Options.bottommost_compression_opts.max_dict_bytes: 0
2020/05/19-11:50:15.309228 10c365000         Options.bottommost_compression_opts.zstd_max_train_bytes: 0
2020/05/19-11:50:15.309229 10c365000                  Options.bottommost_compression_opts.enabled: false
2020/05/19-11:50:15.309230 10c365000            Options.compression_opts.window_bits: -14
2020/05/19-11:50:15.309231 10c365000                  Options.compression_opts.level: 32767
2020/05/19-11:50:15.309232 10c365000               Options.compression_opts.strategy: 0
2020/05/19-11:50:15.309233 10c365000         Options.compression_opts.max_dict_bytes: 0
2020/05/19-11:50:15.309234 10c365000         Options.compression_opts.zstd_max_train_bytes: 0
2020/05/19-11:50:15.309235 10c365000                  Options.compression_opts.enabled: false
2020/05/19-11:50:15.309236 10c365000      Options.level0_file_num_compaction_trigger: 4
2020/05/19-11:50:15.309237 10c365000          Options.level0_slowdown_writes_trigger: 20
2020/05/19-11:50:15.309238 10c365000              Options.level0_stop_writes_trigger: 36
2020/05/19-11:50:15.309239 10c365000                   Options.target_file_size_base: 67108864
2020/05/19-11:50:15.309240 10c365000             Options.target_file_size_multiplier: 1
2020/05/19-11:50:15.309241 10c365000                Options.max_bytes_for_level_base: 268435456
2020/05/19-11:50:15.309243 10c365000                      Options.snap_refresh_nanos: 0
2020/05/19-11:50:15.309244 10c365000 Options.level_compaction_dynamic_level_bytes: 0
2020/05/19-11:50:15.309245 10c365000          Options.max_bytes_for_level_multiplier: 10.000000
2020/05/19-11:50:15.309246 10c365000 Options.max_bytes_for_level_multiplier_addtl[0]: 1
2020/05/19-11:50:15.309247 10c365000 Options.max_bytes_for_level_multiplier_addtl[1]: 1
2020/05/19-11:50:15.309248 10c365000 Options.max_bytes_for_level_multiplier_addtl[2]: 1
2020/05/19-11:50:15.309249 10c365000 Options.max_bytes_for_level_multiplier_addtl[3]: 1
2020/05/19-11:50:15.309250 10c365000 Options.max_bytes_for_level_multiplier_addtl[4]: 1
2020/05/19-11:50:15.309251 10c365000 Options.max_bytes_for_level_multiplier_addtl[5]: 1
2020/05/19-11:50:15.309252 10c365000 Options.max_bytes_for_level_multiplier_addtl[6]: 1
2020/05/19-11:50:15.309253 10c365000       Options.max_sequential_skip_in_iterations: 8
2020/05/19-11:50:15.309254 10c365000                    Options.max_compaction_bytes: 1677721600
2020/05/19-11:50:15.309255 10c365000                        Options.arena_block_size: 8388608
2020/05/19-11:50:15.309256 10c365000   Options.soft_pending_compaction_bytes_limit: 68719476736
2020/05/19-11:50:15.309257 10c365000   Options.hard_pending_compaction_bytes_limit: 274877906944
2020/05/19-11:50:15.309258 10c365000       Options.rate_limit_delay_max_milliseconds: 100
2020/05/19-11:50:15.309259 10c365000                Options.disable_auto_compactions: 1
2020/05/19-11:50:15.309260 10c365000                        Options.compaction_style: kCompactionStyleLevel
2020/05/19-11:50:15.309261 10c365000                          Options.compaction_pri: kMinOverlappingRatio
2020/05/19-11:50:15.309262 10c365000 Options.compaction_options_universal.size_ratio: 1
2020/05/19-11:50:15.309263 10c365000 Options.compaction_options_universal.min_merge_width: 2
2020/05/19-11:50:15.309264 10c365000 Options.compaction_options_universal.max_merge_width: 4294967295
2020/05/19-11:50:15.309266 10c365000 Options.compaction_options_universal.max_size_amplification_percent: 200
2020/05/19-11:50:15.309267 10c365000 Options.compaction_options_universal.compression_size_percent: -1
2020/05/19-11:50:15.309268 10c365000 Options.compaction_options_universal.stop_style: kCompactionStopStyleTotalSize
2020/05/19-11:50:15.309269 10c365000 Options.compaction_options_fifo.max_table_files_size: 1073741824
2020/05/19-11:50:15.309270 10c365000 Options.compaction_options_fifo.allow_compaction: 0
2020/05/19-11:50:15.309271 10c365000                   Options.table_properties_collectors: 
2020/05/19-11:50:15.309272 10c365000                   Options.inplace_update_support: 0
2020/05/19-11:50:15.309273 10c365000                 Options.inplace_update_num_locks: 10000
2020/05/19-11:50:15.309274 10c365000               Options.memtable_prefix_bloom_size_ratio: 0.000000
2020/05/19-11:50:15.309275 10c365000               Options.memtable_whole_key_filtering: 0
2020/05/19-11:50:15.309276 10c365000   Options.memtable_huge_page_size: 0
2020/05/19-11:50:15.309277 10c365000                           Options.bloom_locality: 0
2020/05/19-11:50:15.309278 10c365000                    Options.max_successive_merges: 0
2020/05/19-11:50:15.309279 10c365000                Options.optimize_filters_for_hits: 0
2020/05/19-11:50:15.309280 10c365000                Options.paranoid_file_checks: 0
2020/05/19-11:50:15.309281 10c365000                Options.force_consistency_checks: 0
2020/05/19-11:50:15.309282 10c365000                Options.report_bg_io_stats: 0
2020/05/19-11:50:15.309283 10c365000                               Options.ttl: 0
2020/05/19-11:50:15.309284 10c365000          Options.periodic_compaction_seconds: 0
2020/05/19-11:50:15.309309 10c365000 [lumn_family.cc:481] --------------- Options for column family []:
2020/05/19-11:50:15.309311 10c365000               Options.comparator: leveldb.BytewiseComparator
2020/05/19-11:50:15.309312 10c365000           Options.merge_operator: None
2020/05/19-11:50:15.309313 10c365000        Options.compaction_filter: None
2020/05/19-11:50:15.309314 10c365000        Options.compaction_filter_factory: None
2020/05/19-11:50:15.309315 10c365000         Options.memtable_factory: SkipListFactory
2020/05/19-11:50:15.309316 10c365000            Options.table_factory: BlockBasedTable
2020/05/19-11:50:15.309327 10c365000            table_factory options:   flush_block_policy_factory: FlushBlockBySizePolicyFactory (0x7f95173aaa40)
  cache_index_and_filter_blocks: 0
  cache_index_and_filter_blocks_with_high_priority: 1
  pin_l0_filter_and_index_blocks_in_cache: 0
  pin_top_level_index_and_filter: 1
  index_type: 0
  data_block_index_type: 0
  index_shortening: 1
  data_block_hash_table_util_ratio: 0.750000
  hash_index_allow_collision: 1
  checksum: 1
  no_block_cache: 0
  block_cache: 0x7f95173aaa88
  block_cache_name: LRUCache
  block_cache_options:
    capacity : 8388608
    num_shard_bits : 4
    strict_capacity_limit : 0
    memory_allocator : None
    high_pri_pool_ratio: 0.000
  block_cache_compressed: 0x0
  persistent_cache: 0x0
  block_size: 4096
  block_size_deviation: 10
  block_restart_interval: 16
  index_block_restart_interval: 1
  metadata_block_size: 4096
  partition_filters: 0
  use_delta_encoding: 1
  filter_policy: nullptr
  whole_key_filtering: 1
  verify_compression: 0
  read_amp_bytes_per_bit: 0
  format_version: 2
  enable_index_compression: 1
  block_align: 0
2020/05/19-11:50:15.309329 10c365000        Options.write_buffer_size: 67108864
2020/05/19-11:50:15.309330 10c365000  Options.max_write_buffer_number: 2
2020/05/19-11:50:15.309331 10c365000          Options.compression: Snappy
2020/05/19-11:50:15.309332 10c365000                  Options.bottommost_compression: Disabled
2020/05/19-11:50:15.309333 10c365000       Options.prefix_extractor: nullptr
2020/05/19-11:50:15.309334 10c365000   Options.memtable_insert_with_hint_prefix_extractor: nullptr
2020/05/19-11:50:15.309335 10c365000             Options.num_levels: 7
2020/05/19-11:50:15.309336 10c365000        Options.min_write_buffer_number_to_merge: 1
2020/05/19-11:50:15.309337 10c365000     Options.max_write_buffer_number_to_maintain: 2
2020/05/19-11:50:15.309338 10c365000            Options.bottommost_compression_opts.window_bits: -14
2020/05/19-11:50:15.309339 10c365000                  Options.bottommost_compression_opts.level: 32767
2020/05/19-11:50:15.309340 10c365000               Options.bottommost_compression_opts.strategy: 0
2020/05/19-11:50:15.309341 10c365000         Options.bottommost_compression_opts.max_dict_bytes: 0
2020/05/19-11:50:15.309342 10c365000         Options.bottommost_compression_opts.zstd_max_train_bytes: 0
2020/05/19-11:50:15.309343 10c365000                  Options.bottommost_compression_opts.enabled: false
2020/05/19-11:50:15.309344 10c365000            Options.compression_opts.window_bits: -14
2020/05/19-11:50:15.309345 10c365000                  Options.compression_opts.level: 32767
2020/05/19-11:50:15.309346 10c365000               Options.compression_opts.strategy: 0
2020/05/19-11:50:15.309347 10c365000         Options.compression_opts.max_dict_bytes: 0
2020/05/19-11:50:15.309348 10c365000         Options.compression_opts.zstd_max_train_bytes: 0
2020/05/19-11:50:15.309349 10c365000                  Options.compression_opts.enabled: false
2020/05/19-11:50:15.309350 10c365000      Options.level0_file_num_compaction_trigger: 4
2020/05/19-11:50:15.309351 10c365000          Options.level0_slowdown_writes_trigger: 20
2020/05/19-11:50:15.309352 10c365000              Options.level0_stop_writes_trigger: 36
2020/05/19-11:50:15.309353 10c365000                   Options.target_file_size_base: 67108864
2020/05/19-11:50:15.309354 10c365000             Options.target_file_size_multiplier: 1
2020/05/19-11:50:15.309355 10c365000                Options.max_bytes_for_level_base: 268435456
2020/05/19-11:50:15.309356 10c365000                      Options.snap_refresh_nanos: 0
2020/05/19-11:50:15.309357 10c365000 Options.level_compaction_dynamic_level_bytes: 0
2020/05/19-11:50:15.309358 10c365000          Options.max_bytes_for_level_multiplier: 10.000000
2020/05/19-11:50:15.309359 10c365000 Options.max_bytes_for_level_multiplier_addtl[0]: 1
2020/05/19-11:50:15.309360 10c365000 Options.max_bytes_for_level_multiplier_addtl[1]: 1
2020/05/19-11:50:15.309361 10c365000 Options.max_bytes_for_level_multiplier_addtl[2]: 1
2020/05/19-11:50:15.309362 10c365000 Options.max_bytes_for_level_multiplier_addtl[3]: 1
2020/05/19-11:50:15.309363 10c365000 Options.max_bytes_for_level_multiplier_addtl[4]: 1
2020/05/19-11:50:15.309364 10c365000 Options.max_bytes_for_level_multiplier_addtl[5]: 1
2020/05/19-11:50:15.309366 10c365000 Options.max_bytes_for_level_multiplier_addtl[6]: 1
2020/05/19-11:50:15.309367 10c365000       Options.max_sequential_skip_in_iterations: 8
2020/05/19-11:50:15.309368 10c365000                    Options.max_compaction_bytes: 1677721600
2020/05/19-11:50:15.309369 10c365000                        Options.arena_block_size: 8388608
2020/05/19-11:50:15.309370 10c365000   Options.soft_pending_compaction_bytes_limit: 68719476736
2020/05/19-11:50:15.309371 10c365000   Options.hard_pending_compaction_bytes_limit: 274877906944
2020/05/19-11:50:15.309372 10c365000       Options.rate_limit_delay_max_milliseconds: 100
2020/05/19-11:50:15.309373 10c365000                Options.disable_auto_compactions: 1
2020/05/19-11:50:15.309374 10c365000                        Options.compaction_style: kCompactionStyleLevel
2020/05/19-11:50:15.309375 10c365000                          Options.compaction_pri: kMinOverlappingRatio
2020/05/19-11:50:15.309376 10c365000 Options.compaction_options_universal.size_ratio: 1
2020/05/19-11:50:15.309377 10c365000 Options.compaction_options_universal.min_merge_width: 2
2020/05/19-11:50:15.309378 10c365000 Options.compaction_options_universal.max_merge_width: 4294967295
2020/05/19-11:50:15.309379 10c365000 Options.compaction_options_universal.max_size_amplification_percent: 200
2020/05/19-11:50:15.309380 10c365000 Options.compaction_options_universal.compression_size_percent: -1
2020/05/19-11:50:15.309381 10c365000 Options.compaction_options_universal.stop_style: kCompactionStopStyleTotalSize
2020/05/19-11:50:15.309382 10c365000 Options.compaction_options_fifo.max_table_files_size: 1073741824
2020/05/19-11:50:15.309383 10c365000 Options.compaction_options_fifo.allow_compaction: 0
2020/05/19-11:50:15.309384 10c365000                   Options.table_properties_collectors: 
2020/05/19-11:50:15.309385 10c365000                   Options.inplace_update_support: 0
2020/05/19-11:50:15.309386 10c365000                 Options.inplace_update_num_locks: 10000
2020/05/19-11:50:15.309387 10c365000               Options.memtable_prefix_bloom_size_ratio: 0.000000
2020/05/19-11:50:15.309388 10c365000               Options.memtable_whole_key_filtering: 0
2020/05/19-11:50:15.309389 10c365000   Options.memtable_huge_page_size: 0
2020/05/19-11:50:15.309390 10c365000                           Options.bloom_locality: 0
2020/05/19-11:50:15.309391 10c365000                    Options.max_successive_merges: 0
2020/05/19-11:50:15.309392 10c365000                Options.optimize_filters_for_hits: 0
2020/05/19-11:50:15.309393 10c365000                Options.paranoid_file_checks: 0
2020/05/19-11:50:15.309394 10c365000                Options.force_consistency_checks: 0
2020/05/19-11:50:15.309395 10c365000                Options.report_bg_io_stats: 0
2020/05/19-11:50:15.309396 10c365000                               Options.ttl: 0
2020/05/19-11:50:15.309397 10c365000          Options.periodic_compaction_seconds: 0
